1000
5178
366
36
1294
4189
7022
2895
9968
3944
7202
6164
1384
8868
252
3694
203
6165
3798
9482
363
8298
8485
5294
4733
1450
3507
8261
6662
5662
5269
1069
4077
3206
8382
6755
5372
9481
8738
3563
8701
4394
390
7291
7502
9620
3613
5652
9373
3520
2617
3298
8091
1945
3527
5726
8613
5614
6517
8642
2569
4958
3717
7406
7449
5111
4674
3720
346
6320
3204
9238
5871
8396
1017
4941
5990
6818
1924
6651
9089
7092
9366
2564
4681
1697
1616
9675
6366
6965
5054
5854
4990
2178
2189
9620
2825
9740
2250
7781
7530
8829
6830
8752
4315
4106
9771
7689
5324
4250
9314
6180
8213
2947
924
7405
7447
2804
6993
7433
4455
7408
5646
3830
8243
3790
5072
2049
3070
9646
2658
7126
16
3964
2966
2525
7647
788
68
9717
2349
4986
5736
1325
9051
4862
8803
2430
1333
7679
8536
5916
2220
6963
6926
3429
675
5949
7551
5829
6877
962
2576
3156
9096
2189
6942
1737
1944
2248
5974
8997
8942
5144
2551
3508
1446
80
4864
189
1977
5200
1452
3724
3604
7095
8354
6660
8139
4451
9540
291
6591
4735
951
3635
2430
2957
8858
2504
883
8957
204
3724
8892
4620
8956
5916
7717
5618
5403
8827
7474
3946
6415
9826
8483
9180
4113
9909
607
3200
9838
1507
6559
1423
3589
8568
611
2149
770
5519
2520
101
508
6344
9490
7011
2342
3617
8277
4477
2559
9689
3879
5974
8944
5993
2867
5520
6129
2779
8562
5861
1455
7214
1269
7151
6134
8439
7643
5407
6244
7464
7647
4635
4274
9350
6871
9741
1955
7611
5658
1332
7328
1284
4828
3723
837
417
2229
6577
3043
3784
3610
4942
7464
1816
7246
3124
5285
7918
5202
2342
8322
31
4112
9783
8766
1638
4978
8273
8632
2641
7061
7833
8039
5661
7038
7188
2650
3994
5075
754
7245
572
9946
4357
7999
248
2860
4355
2224
8107
2190
3406
1228
7494
7037
1789
5273
7988
6915
3477
2154
2462
3430
8746
4459
9753
9928
6369
2810
8853
9058
6875
9211
5916
7595
4523
7503
2967
3775
9686
6147
5328
3452
1941
5098
2946
957
2265
9188
6649
5606
3077
7147
5353
1101
6636
4414
6980
8973
6438
1312
4185
2236
2724
9626
409
1401
3385
1268
891
6306
5131
9999
7676
4875
7829
4149
9580
5136
6477
1535
3598
9287
8700
5196
7083
2109
8471
5739
4921
7765
339
5167
7541
9030
1982
8805
3077
6898
5655
2993
1476
6693
6674
8774
8103
4414
909
5720
6607
2164
9392
8594
2729
9255
1324
5815
8721
9819
1544
4286
4586
7852
6267
5466
7739
8873
4774
3103
54
1130
5536
5160
4725
4772
1759
4327
8213
8414
7878
6283
4233
3259
1796
9738
3502
4895
4495
3349
5143
9401
8383
9412
5479
4326
2577
520
3537
927
916
8355
4135
4684
5504
9363
6035
8959
3474
2747
8883
6021
8160
180
8971
883
3897
1203
2669
9889
9452
5157
539
381
8813
1990
2263
7820
5413
9547
6867
427
2762
2430
9448
9745
3176
3767
5436
9433
9421
3641
2674
5364
6496
2404
8286
3733
8974
1318
4238
8934
6655
8985
4612
5424
6111
4815
1815
5788
3772
6729
9954
6181
452
1898
3457
7194
2866
8358
3673
9900
5912
9034
1987
2718
6667
559
5012
6108
8048
577
3805
6722
1686
5921
3919
1958
6297
618
2974
8028
8363
1516
8084
3510
7846
3989
8421
2983
1995
8401
7137
1093
8523
3889
1164
5310
7612
6267
3828
9077
1083
4256
2210
7437
9693
679
4393
4654
1209
7090
8819
7674
1138
1463
7049
7291
2216
9695
7229
3839
32
2451
8251
6372
7978
6238
6500
6019
8243
1734
1826
3066
4885
7713
4336
4633
6367
1494
4987
1819
3945
4120
1649
5940
3224
5898
6517
8758
5427
8665
5946
9496
9045
6141
7166
1996
8561
4622
5870
7413
6012
7624
6535
5483
8602
6394
6459
4297
6393
4387
2499
1562
7786
5590
7271
5266
2448
7536
5940
2986
238
5238
3485
6997
5420
787
6468
4409
5683
9463
8445
9834
4184
3930
6948
6243
245
8520
9809
7788
582
7842
3991
1885
9650
2312
7355
2987
6817
1389
395
9860
247
1940
7694
1250
4272
2102
708
5137
2454
5255
2928
9895
5807
7
2308
3221
4348
314
5923
7674
1849
7530
4993
4852
9766
3044
6798
5856
2192
5449
9554
5710
2513
8443
727
4404
986
5887
3270
8377
3242
4256
9118
8719
1278
6519
5757
711
1704
3927
367
2362
7425
7138
1775
1446
4207
7438
7007
3418
5922
9439
1685
3043
9792
7987
5437
4706
5176
3816
9134
4053
558
8841
9373
8130
9086
8691
4665
2417
7812
2201
7461
8239
4229
7867
7545
2960
8273
8433
4958
4990
6833
5344
6478
4184
7325
6034
8890
8804
7157
1901
2031
3550
4618
9942
5252
2279
9066
9343
5040
7454
445
8590
6313
5703
9692
6482
8880
7098
1628
3351
3084
7642
7922
3868
8571
6236
7078
6378
2302
5677
7122
1193
160
2003
8379
1722
8682
1827
9918
9686
3394
4400
4560
3623
4627
46
1119
6359
2071
6286
8908
613
5729
6414
1904
9407
7455
5647
4662
7032
258
9412
7932
2248
9021
9733
2016
5859
3968
4348
1385
190
8390
233
3883
54
4119
5665
2683
5993
4020
2073
8556
60
7493
3382
8661
6359
9468
4091
5288
4957
7711
4965
5980
758
2809
6212
8280
9607
9735
8658
4228
6772
3168
850
6100
1325
6628
7549
4464
8346
589
1455
2511
8889
4141
8171
8487
2876
6930
6112
6218
7320
581
334
2442
170
5890
5052
6203
9157
632
9688
9175
5973
4226
5377
9541
9483
4301
8554
7758
1980
7647
2801
1196
4139
5888
9172
7542
4857
5358
5928
8252
6699
622
2003
9373
4684
950
8273
4899
8147
7892
8349
2583
8984
6658
5303
2669
5639
3712
4457
3810
867
2793
2337
4738
8936
7064
9460
9083
4156
2922
307
5576
2032
3084
7578
6964
6512
8312
9441
4062
889
2879
6556
5402
1133
7813
3103
