5000
49230647
58594326
52133955
49937415
41615211
80098106
23598077
4708038
18540519
76707989
79228725
30629129
64229390
93443574
71169022
85762602
10546748
2460252
20798920
37702132
73554582
83123028
19667148
15570591
19697564
20487296
34533954
74871616
28102022
78644842
82476706
67272533
71612372
5879356
97140247
37197554
99466331
28149149
36515000
92595333
69656972
34399496
98306194
84810218
20459537
63855240
91187194
10161994
95681715
29669849
11678031
84686892
89779976
96343382
47297109
71208267
15026246
67177155
31491086
15079744
75183782
38464054
26015546
80972000
70329005
71459653
20425234
35327701
77367326
33914869
38635780
93506796
49072138
53983194
98417548
24078084
64412578
81542203
41977808
21525965
38329682
69352384
52422557
56422226
50266523
7599741
99958848
72483625
55071891
30453261
85859282
8156567
24044311
91721743
11071590
79618641
56130526
60811201
65333676
383709
9268628
30500230
12086121
42562625
43642926
55167175
43955521
1525324
92538355
4734390
5578843
2022308
72660636
50244480
9710475
32618192
59047021
59588530
69801201
70114443
11674638
47960474
15913502
72241027
26280430
92553449
75421567
64181289
56777479
82818176
46326719
49695636
69131749
84804701
78012617
67286487
63702079
59947410
90485087
15780713
68754333
16735578
84229967
26638406
36531711
89587586
94095321
77058679
53347473
73600437
89468102
81881443
60905020
35687623
73667003
32997676
36351587
89258687
44474922
30721376
53992756
38156071
96523696
67338445
98789677
46426475
56652250
83608774
10155543
89553846
29526153
11856991
55384570
41337726
21035340
47388938
35025617
14269338
68677444
86487795
56873125
22065495
4691974
38362116
37381682
2271419
17764847
5713440
66797886
28876930
84386362
35996909
74464253
67194004
26048852
16496830
71260294
64891207
71765172
82640494
22542076
78135214
7637879
92799685
10157028
72522190
75130434
89651330
72557739
78131395
24161505
31591273
88325586
94816002
99089959
65396513
84727649
89537394
83437088
29857798
60243328
79011819
73555519
50540733
43193615
31920959
21258499
80474009
10609816
68431541
2241425
93628625
39182755
32187616
99097545
29130194
83180317
56186835
46936947
32119460
66899039
61459920
44862613
45376108
96319771
65271218
42530791
36691453
45798546
43651668
13930417
36437243
96532356
11548594
93842976
10157409
60561888
32480434
19785772
29137326
8517924
56864907
35418396
36720784
15574933
85936026
24719539
84018216
8478107
49046894
20109861
21655128
10394464
45983273
18613700
3153424
73211021
5815049
79595690
11112922
90616395
83130272
25455313
10496152
84009875
94585729
6924426
24304819
65754040
58003173
75440350
4829277
44741971
51045467
24319063
15620867
62119937
15739660
11941004
83449957
50236524
80919324
67931047
99543773
58685087
2343153
75371236
70484926
60230001
49109999
50357581
16466420
6755850
11596535
6190924
21061655
66757551
57903661
90606081
23496129
8723342
58770824
16966141
93601756
45121333
38071938
78758007
48243082
5271533
39153579
77387708
66792111
99648245
20601661
59498100
37303748
11463787
58148972
64810813
92006901
72650537
2902029
8880241
9105462
69837846
76186366
12118541
16493836
2954616
98275495
21004021
53018374
49987136
8845162
13295276
80593370
92639007
43966790
91263638
43730369
63772496
41145660
24210159
11622563
90032491
58323369
66177346
91910213
88290571
61462928
72534139
68960689
56129741
29164663
4725918
3616895
38198167
92587881
3062752
17080817
42555779
44373162
8848731
85724993
37475919
78714724
95324635
66892476
54855765
47472849
71598117
71282855
96752026
93594668
24007305
69911743
85592641
61214275
51665321
16620228
42410127
2700783
49070008
61796663
14037962
42643073
66194305
78617708
49956782
42364355
95830420
12242367
20968254
8268476
83421513
56520915
29439893
99410484
89809656
73004435
1278147
11855561
68583009
46120009
25673105
26315337
13196747
48400175
12974560
20260372
64775442
51809027
19038945
60687713
77290966
69785624
53308079
9494985
23881961
25317176
5717233
13460253
43432631
50936274
42450147
44412714
73012048
15075317
21868911
50403201
99555669
6080588
20047700
56102687
11997757
17897704
44953045
43147204
26571742
22400382
7925175
48407443
7633541
19128379
89342718
12733872
23431111
27276553
16308207
42824662
5408703
45585964
47218752
18133831
22565657
85044563
95471670
49651949
70975281
40653599
9235624
64088917
94923335
54178327
19247695
36712419
82651522
21073903
15989225
63631631
91191485
57100940
34659325
48654315
15122213
58719383
64887409
83096777
55707292
37221145
4494512
73976111
57164978
98620830
95443427
59098773
28308861
46628878
88823156
25991540
50169529
70511823
52149237
71680486
30114446
63072010
19646563
96768614
13703580
62024760
16978260
41322452
91295796
99115593
92284039
20757305
91234566
98118441
28223532
25177426
20250421
80976156
66330017
36627267
59039737
19035038
68792383
1797448
63300076
38197643
54116693
92304077
49219263
39601701
91184323
37379474
14503053
95720308
96060280
31796048
18826473
63323593
61086908
52511809
43507733
4134963
30895292
39166597
12050398
93168701
19769230
44522135
179788
66264998
56136298
10967496
9204945
23360843
37895118
89074163
62180113
39976543
48471734
74848662
42549023
69744179
27836203
18103950
65791640
55641368
17626572
65445115
45210291
15169246
44352296
77563789
88370869
18542813
35146582
67048551
29334839
22591207
83967989
97954738
88558482
72815749
85441215
98759355
10659962
28356069
79355393
68400383
59413965
77318589
10052683
76413547
30355116
60022575
60411581
34312301
45269529
66263081
59100646
45420000
63215670
67889528
53039312
98338324
20128381
29063711
55076308
97060513
84784387
87930699
30664937
82131016
88882480
17960864
11645973
76417934
52782341
43887107
43386016
62020953
87878192
48635596
18130374
22596692
46685189
47374869
1325315
93253971
85878156
74905097
73839486
58331522
89678756
70633285
66257802
89025825
26725533
21133702
36629891
81952167
39973272
13793662
71135279
31789753
76396593
6416310
87117746
71462253
31645760
44675262
67530353
94209999
41678807
99340636
46450364
79503667
23173316
72720277
24100586
69959224
52533870
99277265
75772741
13698551
96398562
6410612
94550030
17567539
69494049
82796619
28042583
16687752
21755142
44548202
16973582
12952438
98185950
31572799
31185192
6733652
51816826
89732556
91444901
35045869
52651143
75207983
28199495
20689469
45867670
6973436
70947425
59641970
21097903
74661
13386197
57835916
33259638
20356215
42809137
43139889
46387910
93526214
87444370
39333105
14263765
29629897
81327679
78973981
13772765
14512024
90252408
764703
89028847
62328407
36321600
27892372
29723905
13652893
36485025
33244200
70699866
31419581
97901544
32624757
4814324
55364134
32247178
705408
17027132
56492684
17399708
11980434
89272477
91556137
72329441
4566501
53015124
57098856
66167334
34512122
45511832
75667629
94157990
351764
25592001
25171465
82322057
72486474
11862353
45752546
89265696
20759628
631643
81185709
64924695
55910286
21036934
35015648
83371319
65167972
94357093
2244931
44665595
92648162
54222588
45050542
16245624
68114580
45410629
42012907
37735022
77816247
55953751
46467824
19804857
68990909
39888921
35451476
86931074
26119972
39898072
71123265
25738005
17744748
17064797
13711036
29712882
63643270
77444979
70949515
59004815
51184004
47077566
79938936
48303992
89482544
86844737
14132737
93203259
49254649
33665179
87444776
73759096
19447535
83116762
47737298
32049240
21902942
52190883
62000394
74387410
57317927
48524915
52356432
87711835
91163216
21246132
32377424
90288997
96534503
28171731
7748486
53860930
56257444
16064568
86677817
52593503
89026202
15977770
70560726
83080201
13737714
69558779
67571824
44198145
43967761
71269950
86152529
36870114
72250001
29187089
10969038
397852
93022449
6789729
20689269
34543421
68809286
48780717
56067351
30553462
83084744
98319339
86533708
63012976
14026303
8148717
57142695
9681683
97940141
22040316
62044373
91643104
34660622
1126070
58213644
93006545
93573095
62270196
32723116
43849439
16757210
40951538
87370447
15667844
32943567
17824031
343852
67020953
35888022
9622304
86337042
65431788
87294841
19801615
45691692
10512605
49880169
26251297
13178400
20011730
44859268
13137880
25264588
59316406
1841555
82202534
17402129
4335552
32726081
13267528
16115977
18063707
44806487
48199919
53232052
46118942
89527201
47887617
73161658
82430521
56148254
4831062
86644833
20617596
1951924
87557965
56871027
55652901
574142
4512832
89350041
949565
29467461
54078850
94137242
68126967
37603677
97822660
71418877
29744612
94329391
62281492
97857866
92135621
2240416
97448269
51106258
77279641
35260326
43189454
28174366
10981273
8741611
66401168
81928457
43076580
59254335
94842962
87945057
81242623
49297129
1634139
12132182
88947138
54310647
42698371
98878092
638244
12939119
13111222
38972220
24393748
54574112
85647047
38474107
28620588
41691320
48659639
65023145
31518692
94482338
38931340
10868992
77168750
21162540
95862272
13779568
7545870
22764711
58567635
43901756
30017074
56177151
87969479
41650982
56715082
67553587
18782949
63260194
8376620
23542736
57794791
85392407
70625732
57068980
51628049
74179766
27051592
20161250
74441034
68775828
94648799
39636607
85703602
6078497
39242859
90439755
90899205
65307940
42037535
29305278
77045984
33928138
71301431
79807484
44707493
24177847
33859949
26017178
17293702
81797366
82550234
59478391
862099
53237076
9174945
35881104
6022831
63392390
11582923
34692919
59213427
98379105
9492926
574658
96788014
38152226
25882086
7809100
28090390
7121408
40701531
9043168
40677535
96579234
5307439
80549637
6731418
62923166
5642632
66069966
72654406
25861242
23480883
47259219
48389615
42460887
1014214
28093041
55100400
41616744
98959717
334580
17089101
84053057
63931654
51956013
58148729
82282714
61597018
37308979
86134905
50289631
24679345
46531064
6654587
14338049
77923101
26547200
9088394
82261980
45042952
99388680
54095019
57098303
41384157
43083827
76944362
9624941
85688779
99499454
24312098
15080462
12904802
53441931
730030
60216014
97780305
59233387
93364704
21096663
78496020
51098032
94070922
87770924
89790384
95990728
53077957
85883644
42175216
69908228
35312567
89033010
48413812
97376209
93073736
58977339
66837093
35817038
72827780
58079412
2883537
82561509
70759114
74076603
15898492
48407728
13557335
7351290
94911297
70185601
49816812
5892714
78806444
19609508
89385971
63279899
6119017
83753519
54125895
38553252
79160365
19279055
1621663
96667988
57670886
82539873
62665635
38402207
80752844
54556451
91983618
72024435
88102695
6537311
62627616
66816161
43730909
88948204
97389579
74580753
68689538
89089184
97954678
97038172
97935836
41483721
68380886
85168919
53600721
36691190
17138013
20601124
24436830
90518226
71843558
90847267
50389137
92765285
79171971
68157413
25515701
96985799
41134885
91513912
87866533
46107392
9732638
89490727
41723262
80652010
4018778
9083061
46276902
47184031
80085797
59458964
16522713
94484084
23672697
23419472
46061135
31573474
56893075
90314804
62275001
97006261
83744596
72782090
44773023
59211571
39722691
38396795
52069640
88212595
11996237
94988764
79109453
24046882
22170524
42687012
17117980
22402028
17335130
1483921
30624766
28645104
94695065
61216624
38152968
45224712
57815536
46169060
10236474
82645833
88499919
98635523
63868805
42984354
1751447
60158816
88803675
62882191
51282289
98757685
7435924
18891043
26876042
33573890
57085271
83445289
37349896
48508201
8702453
41728997
23410029
30344200
97343581
9103337
55138309
70569739
93085483
88315769
31267681
6973701
87825149
42134189
16872219
19133678
83720687
55326884
4120442
41763451
61376754
81674447
22775331
48220113
10946492
32864537
40637342
26250676
90661120
92262893
1504006
31787931
98182858
99411223
89033774
88006356
24722140
81214136
36742738
68738574
89063974
42597493
55075233
51738189
42770197
32103764
68123484
55060767
62806333
73168325
86002670
77869342
66596863
3722331
36247837
37216455
97395768
64842384
80385987
65677337
60322181
27979873
20683476
47355169
75379726
72017720
88910685
11166454
92152245
3446933
73424752
65732276
81668369
81006860
29604351
63762622
99838300
15292478
13659263
15064246
26261250
82506962
47152440
70647708
88690273
4320033
75360609
55151524
42906410
72447252
83555233
76443783
35072230
63604114
75743855
32367197
21039508
2672852
38226244
27764470
85512248
12658590
63069732
49716693
22812861
24222342
45276563
8539257
24518239
48758499
61887508
56309979
77539283
46587280
44102607
60183540
61639925
35995405
44501282
60109064
12520154
21905306
68087914
46708452
47141065
5977389
63742624
24761785
67649028
13635458
49957011
12353447
16312566
97645484
99435047
46126287
45255481
70668750
71213996
24530652
30807850
27346433
93737719
91642018
28439585
3338982
48540914
50215807
44664303
9782335
51349355
57860965
614419
25164868
36189474
27751516
35717247
49099072
17357818
40728944
25224310
86714839
63805107
61116498
49269463
86752458
86678864
65696997
85564213
95422456
66649754
76779357
95202354
89421257
25057435
49646082
61301760
88564895
6983014
40144709
68801837
49578607
76784962
44089948
11885445
21030265
73424231
70113262
89009026
47525969
3918548
74270568
26761801
64815282
39905525
85539773
45047792
12838509
31826767
33795795
44930917
95388978
76698804
41500047
85921550
9299969
81757798
47176281
63838159
81452194
48803224
79275081
23759606
35086567
56383040
28175505
39993845
49136074
48035093
30588667
97072032
46131179
14373733
51101300
3147865
33682346
5282263
52631534
78623840
72628673
68401954
47990215
11017856
65210853
1427477
77003946
7484512
99001656
60782209
11631638
43345607
19319179
70550595
46380453
31856919
93787735
36070339
53249165
31766706
55207553
96209593
16087214
39733732
99349076
30445151
61171973
31806017
36944353
98676509
25555855
5728392
35970170
77790814
98167589
86408805
3765081
59289567
76421823
68215605
77939178
11106525
23930134
29440172
11206167
66367294
3663074
8361575
4747320
71039994
87869062
60671440
34812609
76914172
70681181
57138472
90153389
51771847
5368967
62082267
41538837
91242468
86449325
66965780
86313173
91806345
6594093
5676220
17650522
17135014
47570552
13557871
10503
63401059
73581841
51959207
98417146
41371315
82865045
10997504
9823571
22685551
87299256
54459505
38280448
60835261
53365248
68373969
97441066
89277059
43809158
66099747
97714980
81255097
229039
37891644
74677853
47153425
57223160
15451467
78615707
43499470
79534879
12235035
3887507
87158910
75132530
64547927
54247437
68211999
47540785
32349684
46989354
77763624
96507889
41310676
1621731
15683322
39565274
65897695
81209272
93295032
95189567
99020232
28465240
6847837
75775013
90456253
33822569
5359671
71833736
85409113
14725458
31782726
14699700
3655903
55482407
68019887
86144926
36609132
32239004
93258838
15831878
42451452
64895687
63718422
66216432
65590011
38643973
96284660
53067040
12674513
14218976
79006695
3562031
92653332
28927650
52712012
34660053
86264456
46780208
28005299
3248066
19045122
87452237
78194256
83144059
35940029
97565884
15771988
70381328
13896510
19926645
61745704
51190696
29573372
57809789
72749138
90868462
28767976
45684179
21725433
64532928
40308453
43103654
32860543
1456560
12247755
41730073
94106933
16406649
21206066
37569798
81458866
33717108
82014044
85175130
76167040
46202436
68481224
48787432
24270557
86327953
19313603
95470888
50606075
75774613
80535700
77135978
93416103
99868349
74153123
99745065
35825652
46434934
60477566
79782658
5545807
97634447
83679411
87845638
65600587
6491385
21212664
84840415
84347757
94413890
9864913
59005498
49975290
22263248
60853849
43732925
10205394
77021681
30660926
91762182
41491373
63279322
96928833
64273091
85372399
74218399
44633153
67088341
14076620
90278339
48877705
15597
43755572
32267770
34956108
41547083
44407377
20225118
14148207
67078752
88113671
90739039
87594875
63469802
31779458
6945797
4165526
35836374
43584980
10489944
85063002
8460433
25680740
35746297
93155838
11099817
1726836
53950736
39688441
19045039
45018975
93254242
52334859
76488048
12039455
4700886
9657377
61503169
62163516
48591753
95642759
80540447
42653720
98710680
97573296
56521884
62016924
62516666
75462666
47996350
77267235
1412706
19905073
221628
7993425
87495137
95849857
8704675
68743413
85254263
58390616
75359905
61108162
71986135
81198481
75784974
95547445
20366371
20139938
82309444
86138172
53226522
41541415
16204709
9531490
15481125
7996891
66262988
30349164
17292234
86250196
5612171
93256683
31055216
43003124
17361141
63210619
80426803
32215477
41703822
16688848
82321039
48943198
4867173
98857301
70796052
60651059
2286929
17047597
31230773
21510131
69575766
46147539
22822031
2909014
73821837
93562023
36075052
44272536
88998760
6689859
24387088
62881471
95121996
57989033
74734276
45997297
25705333
3921870
17870679
80023557
34031336
52643529
41781804
47166736
16038229
92142782
16582017
81528751
72619917
19203847
20581582
9848893
86893453
808281
29310002
21751509
60797373
99040551
58646421
89106433
36240589
41396524
54679666
53972030
4460925
17494558
39661544
63332177
23719552
2703170
13259753
3561851
74765922
43065983
88117412
2316012
46611563
16844856
86883881
67551715
99643642
92522520
51215042
28024477
63160562
9727378
58964772
38329359
21211357
96103527
17888464
82127223
83537910
92616095
68171332
49614273
51971815
95567394
88321278
41123338
61485968
48011444
29003984
12541677
11749521
39032329
4841264
1757709
61077237
50640171
47035809
38458135
72759170
55804156
13096737
6514707
3833918
76785339
17065508
2424117
85855193
83456674
85812820
14002966
37339943
85112360
20994528
71825237
98507662
8031350
31042896
89989009
81524433
2082072
97352035
14270897
37335429
98677925
52308235
61678465
31117150
76391396
85837912
92067137
64400635
11421003
8016665
19441039
87200008
33870424
48541796
63619469
58596416
70214393
92350373
90243150
92789502
85783115
55852393
5384091
52614406
37761824
22845066
20359083
72037097
8581432
27820468
85862064
17628498
12088349
85510412
85478338
32142747
94389335
9372879
67974675
9662902
14940669
89241981
8627897
817103
4154689
71138094
80154966
5226479
11227448
41978635
34680259
51426106
3410041
76408108
70420025
53948058
77486966
73685351
70369769
10293571
31029703
43051950
48007665
20932492
96209305
25661157
12916692
18696820
37239007
70936270
39064201
7516377
29980456
6846297
51640312
38406632
21379328
50938499
15371867
43290412
65378152
43345572
86646642
72087499
39122756
38918155
91272533
70465396
93346809
58300471
58665149
33149951
87875968
40664820
72637288
75287959
87560224
71264337
73014578
36620868
54821895
47338179
94679877
57994780
69875810
68163769
45822236
94629104
70277334
83645238
38584932
84971222
30439764
91757795
63299683
73404282
81336311
98034516
64981379
62514847
65455652
88638716
63870886
73369093
26100799
61795081
16699546
54551484
61928690
69898026
31817189
59709406
39300198
46398227
53557859
31930982
49942579
8402347
23446769
15586165
80381833
98500251
19121103
16526258
40714167
3601171
98595764
64518481
82349745
98235795
29738375
89636449
60547814
67148026
72866109
97087275
83384439
16023171
40255150
45104314
64620932
60039615
94759993
59042364
23140406
31349314
76762113
27823687
75777746
79560226
73953572
13214666
83015566
39971918
3656556
41866360
28215919
7842171
22032257
75314790
46750508
49498509
21281180
9927413
13678067
6441239
52098751
34816106
14976630
26258944
808631
14659422
75729959
20225928
18969950
80231894
4234784
32334567
32548854
5698899
56664315
4316706
95387991
33565469
14065305
79998082
17360232
93561113
62180524
34308815
27951952
15228586
40708017
25470100
11210567
46330783
36731309
34772238
8049073
64819638
74753435
22429025
49409044
32180029
93767917
57119415
46439467
14170441
83434747
71033424
57263968
4990590
42691880
91208458
3894888
11435850
33054263
6983602
56324142
71545949
64936236
346110
12926765
77794173
57721221
67466303
93914090
30547279
59673042
91415241
2507046
30282663
76977003
93983650
89419399
44636675
7996533
3572787
16291600
45752975
98157058
13529954
1871055
66820121
74812869
24507903
37370604
57464762
57274091
87020166
25354252
29079563
43816304
85619307
29404357
17930529
45203840
25522797
27238315
38700290
68106957
28751661
41795720
61529832
61593627
17515164
18901710
6425033
96295795
48534312
7795365
14417522
91002110
50076831
9377174
41800884
17037306
55801729
48899724
39287350
29180964
86616581
66044495
22920915
15831804
34472357
50211564
52177397
9018406
45825537
7538955
48437597
65405761
19907473
53858518
77216585
3093074
84637143
83369751
83318656
94248275
67187562
78746076
37114952
98099521
18873085
25599845
6976684
90301066
82469346
80045206
55748582
56285389
32846252
51660853
59615199
48656874
85029405
91301161
89570925
12511576
34365712
93288490
35505060
38682982
25726071
43890461
61248602
6713671
66588877
38674859
73096776
60619982
76745729
17394767
24530664
65729168
1451370
10092359
68507446
67442994
41722070
62068457
78550088
18271761
542536
27145024
67990448
48624030
91951012
28226238
24476230
37114852
53267646
83271536
38941588
76286916
18691156
63008700
92299356
72478157
91968496
69146270
17702556
28859501
36309332
22593916
23127980
44818198
60036868
41794983
85759174
70448036
79224109
7066892
53553048
92401362
81345674
20911922
13755507
21177457
35524812
25439841
74617227
62876999
58205550
74420899
22942014
67013028
32787313
69403735
35587134
23181915
49715009
91862823
73179788
62204402
32809725
82737356
29083961
71362784
86946551
89900070
53508069
15953095
46088355
58198298
59822684
30069890
34929496
40105661
80010718
95975432
55947148
52937435
30918617
81218152
52043191
2440025
4532165
84812575
54628355
91045434
87602457
94140615
5508905
5670607
36011510
27210989
70221858
45084700
46664175
87340370
94241896
61067451
55463713
59179685
7028744
83862896
211034
79498280
17555460
34070069
73249653
24414754
69092445
19564074
50844916
78507554
64746491
43787249
99965408
10368705
86134401
19026958
71734041
16082353
36414282
9229768
8299959
70967807
13454576
34236861
29180614
82813913
66932056
94306454
68112631
14549383
74366275
71623429
35227923
31230730
17179426
81138929
10144697
86080293
56468221
34803512
14426072
7454769
90130440
43204034
3351437
69246782
73196175
25916488
15160612
2072515
77992511
87217534
21061415
17994180
38068878
78132175
95467099
94749538
10699680
59808502
63531266
92347503
12733240
85927348
79517217
53978843
16942332
32739483
70736712
30165426
60706880
87628251
4291402
11302042
21662141
77994714
64022174
993325
24456823
70090493
25356935
31280216
73780015
80628371
42828678
24098732
14490544
98338472
97761591
19336404
22033071
179146
13507477
90926973
84361547
23893725
20274367
87426986
72855739
88342599
26411859
73914262
85991171
52530403
5773327
96466407
95404590
95707361
65156267
56137104
34211637
90617642
6045695
17274633
54810717
14203899
68081841
77881862
43335337
50330151
66413104
64239281
78230930
68892574
16918214
22922285
69384889
66185572
51335804
51087680
55807631
18161784
66461255
66611702
26268501
27088680
42936578
71867028
53257772
80759981
19249764
95674888
27823539
89266701
19917376
82316225
64958208
1853859
92606384
50726305
71768666
31302461
70450647
92512119
9978210
73318693
83761629
63490238
99987663
94543535
28236942
17971009
5064531
90669279
45470724
65608303
15686689
43654693
55392464
75282842
93245958
10791999
35605335
56564054
95851563
7286368
60508491
13250118
77657019
27885737
68003045
32506629
39878653
44099502
66587644
14095541
87942709
59923917
80707207
26840285
81826915
96573580
5881077
71309327
75122886
63374713
23955
7594346
73260951
19532519
49803151
89737563
60344401
72267235
92512985
55824020
62010718
92241587
81677193
49856559
96812104
71975905
16267562
30487856
82709326
83095389
81090403
61100910
55620430
35799688
81282156
39062433
25302506
1720583
49187380
301884
62526858
92761434
33601271
99756240
38954786
81849610
15009247
17859900
10041919
75847364
46226012
74892533
69349787
12170233
65446630
51173223
66405767
70050822
21950838
17629933
93008455
90010734
14994974
74139722
33394469
39034132
26468533
94495254
23344040
89834540
25692598
80509528
67478312
51256337
61458012
9102857
3734085
13666318
40769531
36431211
38656060
14156495
38810824
23261572
96609233
70974822
61032354
38315593
22793404
39213450
98348049
98131111
65676067
35565965
727158
35495321
20813353
80556708
67390148
69131491
88036246
36627757
24656865
41258160
46038179
41094526
97286203
93316546
64817143
75314829
71202679
67015086
24166548
21549924
76969724
28592136
7472696
31609443
927201
59070464
17546106
93435082
68416419
73007361
43974062
25507720
97749290
56082371
21603639
57408560
5762864
77872819
82302015
56010793
12251134
58749797
39690658
45866142
52065294
65528168
43568549
69897441
78886145
99517557
218960
18737182
67332070
86131771
81637127
59072148
41224670
53492469
49053699
2234278
65215063
80095784
82310972
7083859
43831567
39472850
46451006
35230037
98431290
79658889
25234801
2195974
36829475
73219646
78269762
90542580
71503111
88070749
49661680
87564737
614172
83151441
65818063
43818409
32402692
40846852
77439385
90869958
62934772
32546716
4592643
92854562
33251422
41246218
42662046
73514472
94755594
36336131
53419680
95652932
90725663
1856750
32215468
69312199
62603723
51785018
47921133
21947365
46998152
4349035
91357352
2392370
78147444
41098147
44359706
56189852
82421379
10357462
46256866
80401736
5154672
14287259
14163544
19424994
31778516
88914627
11576107
56052016
52415666
19431549
91533003
85683354
66354114
35852178
52590569
71582896
59122024
80673525
8840095
83848658
52473257
87779409
97373061
9799824
11075343
38066715
88184990
49377664
73700286
20010294
71324219
24644622
37865267
48532884
49085778
64076355
37607523
44777758
75363266
94770642
26052749
50415030
12728571
34105569
90810073
7812931
25464272
67393060
60738121
50966722
42113977
45859220
33034645
24857291
62196730
80926028
71801228
44205507
50251225
8046127
56716794
65049390
13336240
13261258
94100302
33283634
22418851
81351708
16876283
53941093
42327972
32342978
24486137
31191133
41311666
63063831
48346007
74740917
39119773
9138
65033574
92696466
7780495
40892988
85066037
99476940
82656089
98245740
13799264
21753627
25794680
99699559
70442480
55417826
13697017
42730971
36025878
78536340
12625604
77742804
79363700
44461373
39550845
12648310
67093023
68082469
53317077
94539562
35939764
17100665
22548878
24952149
79180965
35234318
51874488
1704849
12069827
2230269
82067220
4205217
6276278
98246087
82533930
4708438
16986456
9878405
70877469
44236980
70506224
33281827
65783586
65633557
79151473
9962188
72027178
55175971
35572293
50233410
91690089
8224911
38907255
77514642
52692438
96099785
89715317
47986345
72967889
64929507
86122521
28829644
82670588
9488644
44038908
81148152
75676461
88664167
57176946
66308400
84721524
82382112
57622769
95790337
41420706
82013585
42332354
39741749
42962315
87860097
50545539
85890568
21031064
37745618
28251117
40549901
83962905
78427799
7275115
81142358
6067425
14679725
8513497
4617541
20061732
25187478
63541887
93872007
3233003
25424095
21749920
27646358
544954
58714818
95752160
20281552
31185607
9787658
31657124
83220563
5456502
97527556
30099655
53950967
68186311
85202703
25991169
61620659
28328891
75755629
49128344
48312117
34170227
62485463
6943982
2891216
91270526
74319991
8969240
78159001
59669022
25938251
4913197
12569735
15044375
33530882
83540236
30393691
12669109
96445166
55095975
8870701
28988547
55042500
36658350
41540661
65675832
31012536
50869743
6813991
8490662
25455001
97461595
57332957
18863367
82160588
3129662
94382608
45615060
55218242
91202368
24403921
65161176
40473923
36019815
79294906
74133833
25183994
83791827
1199200
62004091
20760185
1616362
43895773
69161982
36093028
19591614
75804258
82605673
69178636
66228000
1480028
83815387
77184976
25508083
44500549
77792223
70509593
97786071
94336922
39833961
2211104
81743156
38713171
24759382
56920854
71764907
85287548
79996103
23253770
52200345
7682065
44479163
12471762
58897468
71615742
82863510
50225144
77582133
59057704
65536478
13481293
96659299
23631487
64400444
71754896
92937578
55523678
15868950
8964565
83537290
71517512
40810305
28148309
86729780
14113310
92118773
63959150
12510586
48692979
66224629
85605012
48956564
28110043
35026355
85110913
80558472
13758902
72986930
98917699
99545159
51622311
77523956
67895235
29966206
73950468
99695736
63822188
64630926
76423512
37798755
3672446
25572448
65972126
20995849
13301926
23137272
15496165
37905099
95184991
45560895
74381957
63227167
2613767
42239662
57224907
97777710
44624474
69063524
22870167
48776458
31505606
47057297
10577864
21064286
53027414
80000428
55682526
18590562
78825964
91261461
91220125
94263784
95396149
94621675
79298648
18989864
15674508
7930411
98427059
64978117
37802395
79363822
6729700
80527519
60151520
93503839
53504142
9626139
9789404
51359562
16504830
83680650
18288757
93278281
73616226
29631628
90316784
42513499
17719560
75158196
28505466
53743839
38242599
2646659
73513318
90810880
39755335
96836358
9886647
86271346
44173160
24437753
75528573
11008349
26765762
50741868
41244926
94988055
48262183
83453683
20980960
55456470
50159829
74478664
80678318
60514871
26546454
41182973
33188428
16032872
64915804
31730310
35929873
65432029
80217041
49020844
86194973
39858775
16192485
5234278
26745183
9189747
72716815
48914896
25837844
47014952
72610059
53544827
90472781
22911698
80816612
63111356
76619471
59850662
96332560
36650092
55334288
3019728
48989198
16388023
69014730
33798047
23435993
74552965
32987036
70550209
51335357
77380298
157742
61349529
31696030
24497890
6682550
54172299
57090265
20755742
80146423
97741959
79486377
4234324
31224989
14584739
32042828
94322125
25407293
58227947
72877368
37387633
33383599
30595701
50182033
2944585
14591841
56578337
62360584
60379966
92890852
55376454
45073670
30375054
28296587
86352077
35395464
16936563
62964467
27299887
14123245
31403345
59472659
79575151
72424574
5275411
61617773
18680515
45061334
8448150
51045286
53262110
93811987
79595774
19368122
88774899
13023270
76330892
99260413
34954196
3286228
77902098
21183766
91436896
92180132
17971815
65930766
28208690
68061675
91590052
92115731
42705350
50432217
72389321
8558957
56432417
55557080
25224283
32285113
37864612
80489422
93292987
76461643
95012413
41726951
61205893
97602972
99132859
90886422
80114065
43668166
22173701
76041971
22034672
82632923
67958089
99715512
92679814
17230927
25225643
31192415
58001165
23249125
1798709
49080272
43990684
58516211
18305000
4383094
94899032
43586836
45359021
82830026
58632237
70458747
41218029
80415525
97732367
26567404
25112697
15941932
3224245
30382772
59469944
99940585
49429785
70632421
56694034
48329323
39463441
96375525
37387543
88347932
95821438
66360679
85447257
81426405
54304209
24867314
95812684
56530946
65784704
20710109
28793831
54168413
65607378
12503569
64624529
13359398
29696285
95168807
13392885
18654754
91326481
21285076
86561527
19448327
32230564
91050610
22575534
83768961
1519356
75519510
27431250
11123074
98166898
26689430
38959689
21783108
41558825
75017730
25079429
56910305
38384907
15536779
11489491
94580667
88855130
95863265
28845896
63884890
97526167
10793455
38824463
9800917
16961613
13204017
47979900
89323341
44339335
70016073
52690848
97032138
56433295
96846650
86673097
39779656
26076332
94341436
89275922
60149503
27740720
41122920
58881351
81842241
20551508
74800606
11777510
24071465
42913722
37108755
24321289
59778700
71749108
75101124
457292
26780674
59597335
19610309
10395181
94478343
59814180
45913767
97829677
80878145
50964867
2603160
89655619
47648327
28202936
762081
90747319
33800126
21347191
44723545
41649474
71613150
80418414
6904309
68614017
886042
39318627
56443452
31151579
35920081
20656936
64363887
4042432
99229848
55288437
87580714
22030809
23982713
84756585
61540032
86225762
11080239
463486
94155359
38552934
68789628
7316534
76394971
41768273
85414659
45931637
23162092
29970159
88290757
33008592
94038753
19560295
5787016
37491650
31597999
89949217
33598447
29210330
89697120
19860563
31026830
27425797
92508270
37123043
84380933
79981181
71810882
32357851
98893911
9111958
56587007
79500456
19026537
64451938
80039906
90725045
5431835
79577661
41427841
87188703
44972437
81586690
1848538
97841427
93389707
18328186
80948778
48383326
30519504
76199979
67839011
80194698
61211374
53285139
94911871
6613857
6747234
78119431
74509724
6100629
46687700
80000750
63736695
53373750
19656171
2287626
26285090
50150362
99288322
99752134
23884504
50728408
73142184
4235427
74167848
9087435
34634992
52575492
10361001
59110797
7164701
44248497
28267778
40378696
98245824
39821871
86824336
64060791
45167786
68220368
36906523
95574203
65378309
90742888
49742437
90505073
65726077
99030016
21324011
93478215
44817354
18587375
37963902
21255791
8035057
48148590
94202665
847772
15893978
43329694
38499213
24612737
77634969
60025545
65209143
29909847
44606676
88610714
65705778
70020076
77492948
76510138
64346542
90532116
22367958
76119256
33963517
39346307
173024
71474620
28872967
45296187
79819526
35995063
19625972
33383007
32862598
23811851
61103985
93890198
25918212
19862444
57588316
46006724
16296653
54743471
1445638
75461351
62457413
72099062
60335257
29612385
63392136
3890539
51248196
37995112
20898751
27648926
5913911
78364481
1453222
66029361
61319857
81778357
88580514
19019305
34404440
59951364
98308007
50992034
20585004
86816263
30354690
83648133
41592737
1939167
70748191
55167765
77425464
88284908
95692612
87485175
7215960
7335671
44602841
95027962
44827435
73033064
64868178
51637322
54929052
7719301
74473766
74547415
77059807
72563726
75579572
50275488
31668411
5346028
48577156
5108785
71267756
33384148
24443883
20907512
51671973
45340543
20757766
31883990
19360778
260638
14716563
31742690
35181952
18642447
93934728
30045499
39135737
55836880
35208926
48135673
68920977
80769230
53050375
86391801
15851022
59109836
76577413
96424218
65055454
37339192
69226645
36161267
71230210
71383157
80665772
3226585
17874975
4863811
82261787
48070508
49539078
72385451
73706796
25165346
95011731
3033552
17560245
11308650
87909995
51333285
77299149
83577440
19749250
16685033
62827537
88432616
30252528
88618957
72365340
52182299
54897839
92072608
270174
74353608
32064830
95156632
51924761
56476325
74274079
64929011
72534435
5055157
54165127
35893805
75627040
5351850
86336276
87196752
26500080
99462187
46451588
86692910
2047338
78717449
15399467
71518436
74638928
81777098
61538726
83570193
97310436
73756998
66363676
51610870
88753408
74486699
10478919
44443804
72586073
64484897
43893606
13182602
26587635
49895114
79638993
54434638
35927693
91621893
37003314
90978439
63905294
15008423
51762006
15111848
71460897
58874903
91504060
24238094
1492936
82028009
53267610
90607557
66373559
68889173
36810920
40735385
29646641
50519175
50473431
17573831
39463064
94022309
9521747
58777960
77132603
29895459
80334681
25508112
52656845
28336224
31855773
24289862
50220032
86474971
56928805
63309055
87924468
95140246
40528009
33947585
92423623
67994968
66229064
47275727
13304786
64302818
41722745
38369837
56997337
47104569
49368138
96825860
75113587
82248783
44568712
12485461
9996767
8177555
5290736
59499510
68086099
33956179
14660216
48585967
90700089
93895340
18085413
99082269
11216546
65989474
57674481
52616164
55336779
89183655
93646980
36684069
57384900
1537184
56429698
97860219
64293427
71027896
94549505
76218642
16442613
67760985
52875935
67280822
59954430
12071
23072539
69142641
19325085
25288243
55821784
59366540
4229
1130174
45149837
35242188
887075
45727446
75505383
6789585
5313430
40088365
64073003
83585774
44425662
13634242
92358856
15408456
17877287
54174133
6853876
30467673
11916315
70937512
78735328
20884162
28459360
18651704
26365176
60354571
21987306
69417700
93217191
30203302
60610935
24046094
86157308
25900354
69129322
61363924
22827417
72938968
62657990
65035756
98825970
49759681
83987769
14626322
5853499
14190900
56153970
89225201
39317649
58460515
51043487
39327087
85267740
41063372
248247
66265425
63211238
14602757
97009866
40672188
67371299
84159738
11123115
38489697
49124410
59048286
2790007
93854314
68677785
47542801
54302401
62289053
45202609
25409546
44303034
25891935
90723587
17903581
55558276
26925183
50329878
46986570
47349843
67049621
72712326
30155720
55529893
38683493
45662467
16415945
97080927
48481859
54914830
59122755
784065
71602824
31425056
43357376
32675279
38059126
80611259
34759165
74299152
7610650
16061032
40474847
48399402
87476013
89538803
71237120
37184473
3952393
58652260
79239990
97460944
79837460
93300668
24917802
42625281
67394836
13639476
50138967
81287813
73173806
36462918
70351436
26787862
9610872
10924466
52444449
42969787
19041517
93142398
49571596
92061845
3704254
73945161
94332271
67342220
69398687
15937584
28936974
94563468
85988991
80439451
25970855
35176898
55278288
3205029
70250604
23045933
35999157
27231320
31724171
21290328
85786150
63461010
43342094
41023285
78907567
80293467
65052854
60899076
69672558
22588422
77048012
48169284
78386749
16835377
69717233
98283803
16521278
97209857
16795849
84686745
40676542
72134461
48935468
28576027
74276175
21224017
90952038
6142278
64263128
56579876
19570338
87836388
565535
23101498
83525242
62544157
27736202
24562706
90635001
12730752
26875174
18126418
44750633
10540842
7399980
31012350
39413496
96320655
73786098
89899459
54083722
25365151
24233790
87603341
18799557
76051063
36893771
89184412
5507374
38433424
7328102
43368865
62448364
79730407
60241336
52549910
15694960
18322908
97137862
23762769
37985321
90443779
71598297
42507169
62214895
27847643
23321242
16321115
39909826
42642033
91183891
39740215
54487371
10375768
27998795
42780902
84596230
60722308
3201283
63861450
42479588
89281268
29479483
55408640
54425396
9737871
89121722
76772113
98974402
89854793
74435724
99934229
69794350
92229688
23275578
29255438
72135415
16323524
69283174
18364643
78934603
14796089
72470693
77043322
45239190
56021753
79380872
69131649
75012826
33133774
16802688
69139129
76907228
26841746
76104130
17737371
16613954
50681090
25116351
18780243
36054752
29803000
79800920
33109861
80372560
56254089
34809539
29057296
37026205
36270975
76457547
32079635
50154790
92465309
8669864
75620330
95295152
23273120
66646372
62737526
73962165
97837432
19668751
88344004
66306052
60284584
41837098
80391178
14360008
18978004
37804279
68056488
26331983
47976483
72612684
12388864
41082200
42275225
37341227
71794058
78848532
16102853
70384795
23089968
65548275
61265790
68806318
71436655
58461766
7651547
47190638
33245415
36466417
33945479
1779709
76756765
22946238
60760732
61680809
81511002
26393710
32840404
77951473
57099190
34835078
18408912
99700151
94816635
83615168
87082536
64731510
27421575
43263504
71314795
60486125
35670468
46516583
62632860
59561020
16079101
30218888
16638078
86732736
2917563
5005793
22847509
42969172
51493203
17607362
64847569
54257042
26540951
48814121
10324877
79229796
94077829
42904055
9387706
92648995
24755825
26444638
1636225
21645574
28965985
11305655
86591446
93200865
20627640
73890221
6614730
38142734
8953305
31907746
24863517
59025582
70942288
29682767
43371539
64109445
44405443
82726329
84449839
33616306
79063034
49964684
97135938
80429647
61745905
91585740
7740956
99605038
37031051
98839065
37374828
33456686
24327130
36155856
38104578
82939459
89263010
19402549
33499426
39455007
59605035
54549882
8679252
60614790
88838435
21328641
30173452
22112332
47531075
52466095
27342479
53356721
25594308
64556693
26019459
54855406
94755823
209994
86231949
87366907
18544184
10128803
83987401
18351771
56131853
25425385
46431556
40174806
34492097
96639812
51687923
38633397
40453123
61293966
16550321
47631047
28226176
43210871
8156046
72698254
29052715
5799014
43476619
57878524
41761227
85892204
45642204
25617753
12067045
77701100
43146981
32182057
59514095
8195672
67408511
61814545
84889694
9543146
27908105
51161543
51241644
33084866
85884139
601611
75472725
48686361
3472158
46691249
61684400
69286444
37947849
49149135
87074422
38625975
56324666
82570012
21411294
19268318
25753505
28498381
24630430
41700836
65664981
19300395
18629415
33376782
94026961
8664104
41657226
2070962
98487371
43144938
95234668
32711604
5139006
63633971
29564077
52432192
16169804
59272969
23085379
91031278
74760927
99744751
52321440
39367292
97623577
58602525
6153725
58520625
93835179
53354903
42491029
10693785
90223918
77058914
9582087
35494676
77530287
13229455
56431399
37779980
80449689
68729153
4238532
23752584
56672188
75747464
99634638
25611174
59648510
25235482
36246370
66717958
21592271
2918007
53113678
36734568
84682270
71565610
99136236
4741231
74791463
37807806
78024102
78105124
53756306
29304398
67625720
72396872
91931117
83983412
53301720
67262698
41063664
18375065
10224345
32995826
39604733
30311972
63196145
40769420
38968053
21419308
50411717
94106404
60575848
41093669
9132049
35876473
6119850
75037418
64153006
60652243
41996721
19337128
96073283
54368080
36888850
97444967
95063675
29170672
87098836
58959235
44403958
76549038
57090070
13989425
57510159
52083501
96941169
71126104
54400778
92433661
94229230
11666067
78099186
31194558
42180807
55072701
89287043
92619025
55152782
14021367
9604922
13834235
54759029
55189352
63610596
65625368
73356036
49343478
66351052
65701446
97947195
41479946
60322306
65409345
94280072
35593215
62899757
33022979
9150545
33172541
17624753
47494366
15040481
83629141
41940243
96708071
99879154
93094121
8604199
21273470
75269616
79257057
17717968
49337423
50628403
10869003
25599673
32347082
79333551
94983112
31254900
55038550
10506532
18564545
17654047
97262028
20244517
89837803
66731841
12467211
84714516
27492713
84482264
68057945
59523132
46532712
65764083
62473200
41508692
75152126
86007681
22238309
76665621
71050831
73157796
49061180
88374601
74665898
12435393
90394013
8966874
50619973
70955107
35251938
68371492
82404138
23954410
93358960
33382531
90078222
13265254
61601707
55307001
82804591
13911710
71996987
84626597
65709589
68688394
19898608
27169483
41480924
39219248
44137671
44235458
34608852
58623190
65120885
38042594
33111597
95535229
20480078
55058945
47375366
30701615
19976202
48640141
51551225
278339
50088123
23976902
14495788
73706094
96455232
24833281
86630820
45104176
59678033
65818037
13224512
52357275
64038878
19157807
98488112
6677511
33250835
9049805
98390365
89108312
9218309
92313041
42204957
40493567
13433487
97439523
16563854
40850655
88710476
548784
13911012
4361390
48689128
63282768
93450753
59854584
99162870
17690771
55959780
67689754
27526681
84543447
30910693
46602851
31868511
24297584
17178640
59499167
13637381
27991991
91078759
24012122
17912638
29843621
27662919
42490133
26305785
53841709
42020211
92129773
92850939
83826894
44304068
34279105
73257492
29158098
85622415
89330051
69550653
35870741
47693457
34899977
89584353
92583861
48855762
28651270
46651244
24343289
10950238
85379669
96501420
69493517
34015251
78374259
39924967
91618301
75261285
49024196
37989751
35513108
20948625
98707568
632942
57782241
99379479
89323873
65841842
26055893
97377039
51424275
10935570
38076436
56373371
77707738
70083089
52390460
48713811
90069612
15513775
58446737
81247317
51180959
51221322
45911049
85698024
75837066
52753832
66440488
20976216
95201872
74188090
47992922
17618109
19685034
85880531
65291456
15050721
59913292
14738366
52464541
97038656
36279980
75541904
15558128
76242944
56566237
65281469
8983387
43003569
95591573
34822529
28393864
84365110
53721396
18331081
65813238
33102818
23989282
12520412
47490922
46463067
89461196
12047947
6277796
90918974
54176919
25613772
1360241
56196429
2558494
92576919
12853460
84496364
99894973
73868454
58553038
43243142
81254120
91280529
76004228
28699440
93554486
67081023
6162298
5202439
62591665
51495829
34933510
80674351
64497896
59713593
91179493
94072296
72894941
53971457
48113565
92140637
84106582
6565709
60424782
14620602
93972679
91091707
39756282
72600386
50888304
79959455
87585533
94769775
81411128
16799904
18255201
91519939
89978452
90857268
95765856
82576292
26319470
38015789
63481372
44743369
50876985
6531039
32477770
2965812
77273547
80881971
60698205
93998042
46894470
81110647
42835859
77519626
23165488
79081533
72380691
58266871
30609102
69456412
73400580
50863248
94422658
69002839
73360165
88301433
31576646
1410702
677779
25067084
38761080
32422651
78255185
96553112
34543233
29849331
72924888
90606427
7552973
27864196
60708222
72764476
82166320
21246171
61067779
36561384
79957366
69591255
18849340
59841608
6543276
89372441
61385926
84814664
62976900
35903758
56507690
17262098
42489137
37478611
18871613
45047785
95440817
92617221
46789298
82906140
76984836
51550532
30747570
77089075
49167329
50170388
95143920
23804498
83372366
5155795
18763146
6570706
15488480
49455272
46062802
27039943
43117311
97609950
68182341
48636885
79186993
33858418
64746406
95736353
64084612
77473154
39416415
44319594
