250
13
3 8 12 5 9 4 13 7 10 6 11 2 1 
60
50 3 17 33 31 28 14 20 36 34 51 8 2 39 58 1 52 40 7 26 60 22 9 18 42 59 56 45 41 15 16 54 19 29 37 48 49 6 4 10 55 5 13 32 23 21 46 12 53 24 35 27 30 47 43 11 57 38 25 44 
44
15 27 44 16 37 43 12 3 21 6 20 32 36 19 13 14 9 30 4 10 38 26 5 25 31 1 41 11 2 34 33 17 39 24 22 18 23 28 35 7 29 8 40 42 
12
9 6 3 5 10 1 7 11 2 8 4 12 
81
48 7 80 24 2 62 59 49 21 75 6 74 53 16 10 29 28 55 60 30 69 33 42 35 36 31 11 19 15 1 63 41 57 78 39 43 79 9 76 27 46 68 13 8 37 45 66 5 58 71 67 73 44 20 34 56 65 77 32 72 81 22 51 70 64 23 3 25 50 4 26 12 40 52 14 47 38 54 17 18 61 
41
38 24 22 28 5 15 10 14 17 19 23 36 29 7 37 4 11 13 30 31 40 20 12 8 16 35 25 1 39 9 33 27 18 3 34 41 21 2 6 32 26 
31
29 5 9 10 20 30 19 3 2 26 16 7 8 1 11 25 14 6 12 23 18 22 31 15 28 4 17 13 21 24 27 
15
8 1 3 2 12 6 14 9 7 13 4 15 5 11 10 
43
43 22 9 19 26 14 33 30 5 28 8 25 11 40 20 15 32 10 36 34 35 21 6 12 2 41 29 3 4 27 13 39 42 1 31 16 17 24 7 37 18 38 23 
15
4 2 6 11 1 12 9 3 13 10 8 5 14 15 7 
55
31 48 21 18 19 10 37 5 27 23 52 11 45 1 33 53 55 20 49 15 30 13 7 29 4 17 26 51 2 22 24 32 28 39 3 50 8 35 40 47 41 44 46 16 9 34 54 6 36 14 43 12 42 38 25 
72
56 21 14 6 72 60 43 69 57 20 15 32 59 66 71 11 3 63 23 31 17 37 30 10 62 9 16 44 7 24 2 18 4 45 5 38 58 33 28 54 22 64 46 48 26 29 70 34 53 35 40 25 68 67 49 8 52 1 61 51 19 39 27 42 47 55 65 12 36 13 41 50 
64
60 3 35 14 21 46 54 4 53 20 11 38 8 27 25 57 19 24 33 30 2 29 55 9 42 36 28 56 34 17 16 15 13 52 39 41 6 32 45 44 58 7 48 61 51 50 31 47 26 5 40 12 23 22 10 64 37 43 1 63 59 18 49 62 
81
38 72 50 53 74 61 33 57 35 13 49 65 1 59 73 14 32 4 77 12 24 19 40 20 70 62 56 66 3 43 27 2 45 29 58 10 42 36 11 47 39 55 34 28 37 80 67 54 6 44 68 78 71 75 22 76 48 21 30 63 5 46 51 8 31 18 79 23 81 41 60 15 7 17 64 26 25 16 52 9 69 
36
21 22 2 4 5 13 29 35 9 26 33 6 27 1 12 34 20 11 16 10 28 15 32 30 14 18 19 7 8 3 25 23 17 31 36 24 
3
2 1 3 
22
5 22 12 15 4 10 7 11 8 3 14 18 6 9 21 16 20 1 2 19 13 17 
9
9 7 4 5 8 3 1 2 6 
81
67 38 21 80 8 45 30 13 33 43 27 60 65 12 48 11 7 76 3 20 41 49 39 55 29 42 17 73 14 34 70 69 31 25 72 53 51 59 23 36 44 22 18 68 66 52 81 58 2 1 78 24 50 40 74 71 56 16 79 4 32 10 28 57 54 77 15 64 62 61 19 35 9 6 37 46 5 63 26 47 75 
26
16 23 26 8 5 25 1 22 3 6 7 18 15 24 21 19 12 9 10 17 2 20 4 14 11 13 
97
41 2 34 58 63 87 29 39 13 93 96 23 71 42 60 18 33 27 24 21 6 3 19 7 5 14 20 30 53 70 85 68 92 37 1 62 78 52 49 97 72 40 88 25 50 11 22 64 51 73 77 67 35 28 10 61 81 90 55 38 86 82 17 83 91 12 44 79 45 89 54 31 32 94 76 26 65 56 4 80 47 48 84 8 15 36 9 75 43 74 66 59 57 46 69 95 16 
45
32 11 17 5 33 4 1 27 30 39 9 7 35 31 14 23 34 19 12 45 22 26 28 36 21 42 41 40 16 43 29 44 10 6 25 3 2 38 37 15 13 24 8 18 20 
84
49 19 76 39 29 6 2 27 4 70 41 69 53 55 10 64 22 25 51 15 59 7 5 75 58 56 52 38 17 28 54 71 44 40 72 18 11 81 43 61 9 14 63 60 62 84 13 77 35 48 47 33 66 3 45 12 16 32 42 80 79 26 21 37 73 74 68 65 67 78 50 23 8 57 1 31 46 30 83 24 36 20 34 82 
49
38 43 30 20 1 23 12 11 36 6 31 32 5 27 44 26 37 4 16 39 9 41 45 47 10 24 13 8 18 33 49 46 21 40 42 19 48 2 28 3 7 25 15 22 14 34 35 17 29 
95
80 66 47 56 15 35 58 39 86 41 9 2 95 85 14 53 34 5 60 51 61 76 18 26 67 12 16 45 17 52 84 21 59 71 48 93 4 38 78 89 42 57 28 49 87 23 83 32 88 79 64 72 74 31 50 94 27 7 20 63 75 55 81 11 62 68 40 77 36 44 1 19 91 30 6 22 65 8 70 24 3 43 33 54 82 25 46 73 10 29 92 69 13 90 37 
88
10 37 8 29 24 41 20 61 18 48 33 46 77 84 30 5 4 73 86 35 19 21 23 1 83 15 56 58 78 27 2 85 51 16 42 67 47 45 62 14 52 71 54 53 44 76 34 31 81 6 74 39 59 50 88 72 13 55 65 49 66 17 12 60 9 69 57 75 40 3 26 11 36 25 68 79 63 43 22 80 38 7 28 64 32 70 87 82 
97
70 21 32 86 12 92 49 61 67 38 57 26 47 36 44 24 87 58 48 25 33 51 3 27 14 23 50 82 71 93 74 31 28 78 22 1 2 53 60 13 73 6 41 20 30 9 45 19 63 96 89 11 52 94 5 91 79 10 42 90 75 54 76 17 68 43 29 72 15 18 95 7 46 62 64 56 83 4 39 69 97 65 80 34 40 77 35 81 8 84 88 66 85 16 37 59 55 
82
81 62 50 22 57 74 27 10 21 78 41 54 35 33 1 43 23 52 45 58 29 65 75 55 67 73 68 31 76 19 71 15 7 5 13 72 11 30 80 24 17 6 16 40 77 69 70 63 18 59 9 39 66 12 25 64 60 20 4 44 8 38 46 53 82 51 26 61 28 37 36 3 14 47 48 49 42 34 56 79 2 32 
10
2 5 3 6 10 4 9 1 8 7 
91
49 21 14 7 66 80 86 9 34 23 51 76 44 27 8 90 89 45 20 31 28 64 68 54 63 59 26 74 38 73 13 72 71 16 53 58 83 60 33 48 81 61 78 17 12 43 46 79 87 62 15 18 82 56 1 36 47 32 84 52 30 11 88 57 29 65 5 50 2 75 22 10 35 85 91 77 70 25 3 69 42 67 39 24 40 4 37 55 19 6 41 
39
33 29 32 30 4 20 21 35 9 3 2 24 8 31 25 26 10 34 39 23 14 27 18 22 1 6 38 12 11 5 37 13 16 36 28 15 7 17 19 
35
16 22 13 27 10 25 17 20 23 1 2 35 3 33 6 31 7 32 8 34 14 24 26 12 11 29 30 28 5 19 15 9 4 21 18 
43
23 37 32 26 15 33 14 28 16 2 43 40 7 34 39 41 6 10 1 12 38 13 25 24 22 11 9 18 5 3 19 21 27 35 20 4 36 8 31 30 17 42 29 
12
9 6 2 3 11 8 5 7 12 10 4 1 
52
25 38 26 43 12 7 6 27 1 17 45 52 13 31 35 9 23 16 47 30 36 46 28 15 29 5 44 32 19 20 21 18 41 4 24 10 49 40 34 2 37 48 33 51 42 22 11 50 14 8 39 3 
92
10 32 50 27 46 70 58 68 49 39 78 36 40 42 72 43 4 34 90 24 25 12 71 63 23 88 59 9 13 47 89 16 62 67 30 18 64 8 5 45 75 17 69 20 82 52 22 57 74 38 29 54 37 77 33 55 79 83 14 56 31 91 53 1 11 35 84 28 41 7 44 19 85 66 6 21 86 3 73 87 92 48 65 60 51 2 76 81 80 26 61 15 
96
69 20 6 95 96 24 12 55 54 32 25 13 94 61 75 48 2 1 5 23 15 84 11 86 64 50 42 39 80 30 60 73 4 9 77 65 35 47 17 38 34 87 53 90 71 81 92 21 83 40 74 78 58 82 31 88 14 76 28 8 36 56 37 16 66 63 43 33 85 45 89 67 62 44 27 93 26 57 10 52 3 51 41 22 18 29 49 79 91 19 7 46 68 70 59 72 
33
16 3 25 19 32 22 23 31 15 20 27 28 5 12 13 4 2 33 24 1 29 21 18 14 8 30 11 10 26 17 6 9 7 
21
19 6 20 17 4 14 13 8 10 15 16 2 21 12 3 5 18 11 9 7 1 
36
30 24 27 25 12 8 36 14 16 11 21 29 22 34 20 3 10 32 1 6 28 15 9 13 26 17 2 5 35 19 4 7 33 31 23 18 
18
12 10 9 7 16 5 2 3 15 18 4 13 11 14 6 1 17 8 
26
19 24 5 22 17 14 1 15 23 7 11 6 16 13 26 8 18 21 3 9 20 2 10 12 25 4 
26
10 5 8 3 11 17 20 4 9 12 21 22 19 23 7 18 26 24 14 1 16 13 15 2 25 6 
55
39 53 32 2 55 49 50 23 6 10 42 25 5 16 1 34 4 30 24 7 8 47 37 36 38 3 15 13 18 26 46 44 41 12 48 52 11 17 19 45 28 40 14 51 9 20 22 35 54 27 21 29 43 31 33 
51
29 1 35 12 4 37 7 40 6 45 30 19 15 31 46 33 42 23 51 49 38 44 36 14 10 27 8 48 28 26 17 22 3 5 34 47 25 13 11 20 24 21 50 16 18 2 9 39 41 43 32 
37
2 33 25 6 22 20 8 29 11 18 17 16 27 14 32 19 12 10 26 15 5 30 9 35 23 36 34 37 1 7 31 21 4 3 28 24 13 
38
3 26 15 19 32 9 27 4 35 29 17 34 18 25 30 10 14 24 37 12 13 16 7 2 22 33 31 8 38 11 21 6 36 5 20 23 1 28 
46
23 37 15 44 10 45 7 12 1 19 9 39 33 42 31 30 43 25 2 32 4 46 21 17 29 26 20 40 18 6 16 41 35 24 3 13 38 14 22 28 27 11 36 5 8 34 
58
45 34 3 37 47 26 58 39 52 42 2 12 27 40 55 1 17 11 21 41 23 10 51 22 53 44 28 29 48 56 18 38 49 7 19 35 43 16 36 50 14 9 20 57 33 54 30 25 13 15 24 6 8 46 31 5 4 32 
60
30 21 18 32 14 28 5 34 41 47 55 19 13 24 10 26 15 46 56 49 4 43 3 58 17 20 6 27 11 22 40 57 60 48 12 37 25 31 1 7 44 50 38 2 51 35 39 23 29 52 54 59 42 45 9 53 36 16 8 33 
34
23 18 26 1 28 30 34 24 17 21 19 11 13 16 6 15 7 31 2 20 33 27 5 12 9 10 32 25 4 29 8 14 3 22 
93
27 16 91 84 43 77 50 6 65 72 73 38 41 92 85 49 31 48 58 22 90 45 63 24 44 32 40 88 71 39 54 14 64 37 55 59 12 13 66 80 19 25 76 5 46 18 60 3 29 69 70 10 89 67 2 11 36 26 33 83 87 53 28 86 15 23 62 57 51 42 82 7 75 8 56 21 79 93 61 47 4 34 9 20 68 30 81 78 17 1 52 74 35 
99
62 4 15 49 38 31 79 64 76 9 63 47 2 61 29 20 65 56 82 27 89 19 55 14 85 28 6 21 35 53 45 18 94 66 57 12 81 8 88 72 33 69 67 97 80 96 90 83 22 74 36 46 48 24 10 70 32 30 40 3 5 51 68 13 58 59 78 73 99 11 44 41 1 23 75 7 43 50 52 98 25 71 77 60 37 54 86 91 84 42 16 26 93 92 87 17 39 34 95 
82
52 62 1 22 31 45 63 14 29 33 66 74 20 72 9 78 24 7 23 42 61 21 43 15 41 58 17 18 40 82 37 57 16 36 81 25 71 38 47 80 68 19 4 77 26 2 49 39 10 5 64 28 48 3 54 32 8 69 34 75 53 55 51 35 67 59 30 65 70 13 27 12 6 56 11 73 76 44 60 79 50 46 
11
7 8 6 4 2 10 5 11 1 9 3 
70
31 68 35 7 19 9 59 55 57 41 15 2 1 60 40 65 46 62 58 21 14 30 45 70 43 8 69 66 11 56 44 50 26 29 67 49 13 63 34 17 33 5 27 39 48 20 24 4 6 12 28 42 61 51 32 18 52 10 25 22 16 54 3 23 38 64 36 37 47 53 
19
18 6 12 5 10 7 3 15 4 1 8 9 14 2 17 16 19 11 13 
69
9 49 2 5 17 60 64 47 12 40 26 54 65 61 59 20 45 28 16 14 30 63 39 57 44 29 11 6 19 36 18 43 22 69 53 52 50 46 62 33 42 35 34 66 24 15 27 10 58 67 4 25 32 31 48 21 55 13 1 51 8 23 3 56 68 38 41 7 37 
44
24 33 28 19 38 22 44 2 26 6 21 36 37 27 40 12 18 5 25 20 15 4 13 17 35 14 29 9 3 30 16 31 23 41 11 39 32 1 8 10 43 7 34 42 
31
9 23 1 22 8 28 20 29 17 2 18 21 12 5 16 25 15 3 19 27 13 11 26 6 30 4 7 10 24 14 31 
30
16 13 9 7 11 19 8 24 30 4 5 15 6 25 18 29 20 10 3 14 22 21 27 2 28 12 1 26 17 23 
63
62 34 11 40 33 37 29 51 24 14 56 60 15 9 53 50 23 42 55 18 48 27 16 58 26 28 5 2 52 17 35 44 63 46 54 38 61 47 57 4 12 41 49 31 8 6 30 7 43 32 1 3 25 10 22 20 59 19 13 36 21 39 45 
9
8 1 6 3 4 5 2 9 7 
91
55 70 38 54 88 48 35 67 41 84 74 9 85 45 33 75 27 61 59 87 29 21 7 10 53 89 14 8 23 62 13 2 1 31 63 4 25 40 72 24 19 26 51 68 5 46 30 65 49 11 22 18 64 39 81 83 34 47 20 17 6 37 57 15 3 69 32 76 50 79 16 66 58 91 52 44 28 42 78 43 71 80 60 56 90 82 12 73 86 77 36 
15
5 6 12 2 11 4 15 3 14 13 9 10 1 8 7 
88
30 54 31 85 46 62 52 13 33 63 72 23 58 38 45 2 36 47 12 66 56 86 40 43 70 88 78 4 55 5 50 83 79 8 68 3 73 61 64 15 10 51 29 59 71 69 67 28 25 22 17 34 80 7 65 21 14 6 19 1 82 77 60 74 27 42 39 87 9 20 76 11 48 18 57 16 37 35 84 81 32 75 24 26 49 53 44 41 
28
20 16 21 3 2 19 25 17 15 18 26 23 13 14 9 27 22 12 10 5 7 11 28 4 24 8 6 1 
35
8 30 3 14 26 24 7 17 34 33 29 21 28 10 32 31 9 20 22 12 15 6 23 5 19 16 4 35 2 1 11 25 13 27 18 
72
41 1 63 6 57 68 33 5 22 64 44 43 47 50 45 25 60 13 10 72 9 29 67 26 52 31 4 54 27 46 38 39 62 37 20 16 69 40 66 30 18 65 48 23 19 11 55 35 3 8 49 36 12 59 15 51 70 58 24 7 14 61 71 53 28 34 17 56 42 21 32 2 
64
37 35 63 12 16 22 61 3 46 36 25 42 58 31 11 24 29 10 9 47 28 18 4 1 6 56 30 38 7 33 51 43 52 20 19 45 44 50 32 53 40 26 49 34 60 57 64 14 17 2 21 23 48 27 8 13 41 59 55 5 39 54 15 62 
83
36 50 5 79 56 55 63 81 26 82 66 74 76 64 59 4 9 22 8 61 46 30 58 3 52 31 54 42 44 14 27 78 21 16 37 47 68 23 32 70 17 48 60 83 29 25 75 24 19 67 28 2 65 10 53 72 39 62 43 11 6 12 69 45 7 73 77 38 80 34 51 41 1 49 15 20 71 35 40 18 57 13 33 
71
52 43 61 62 71 21 55 47 68 49 10 6 51 39 42 3 67 14 48 65 53 12 26 36 41 7 18 31 33 64 23 25 22 37 5 57 54 15 63 35 44 66 70 29 50 4 19 34 58 9 69 24 45 17 30 11 20 60 2 38 59 28 8 27 13 40 16 46 56 32 1 
28
23 27 2 21 18 26 20 3 15 11 12 10 8 24 25 5 1 9 17 6 16 13 28 7 19 4 22 14 
37
20 27 24 21 22 3 2 33 26 17 14 36 32 1 37 30 35 19 10 23 34 13 25 31 16 29 12 15 6 9 5 7 28 8 11 4 18 
50
43 28 20 17 23 46 13 12 44 35 47 27 42 41 9 10 31 8 6 49 16 45 11 19 32 34 15 4 24 48 39 50 40 36 29 5 25 14 18 7 22 2 30 37 26 33 38 1 3 21 
31
4 13 5 23 12 1 10 19 7 24 20 8 18 27 14 29 9 31 30 22 28 16 17 2 11 25 3 6 26 15 21 
38
12 9 11 26 25 18 37 5 28 33 4 21 30 10 24 20 29 38 36 23 22 6 34 32 35 27 2 7 19 14 15 1 31 8 3 13 16 17 
27
25 16 15 11 17 3 27 20 10 19 8 14 23 7 13 24 6 5 22 18 2 9 21 4 1 26 12 
62
17 25 5 58 14 54 2 27 48 39 49 52 61 1 53 7 36 33 51 12 28 42 55 59 11 20 38 24 50 10 9 37 46 13 56 44 57 60 19 47 40 45 23 43 35 26 6 30 31 8 22 32 21 29 18 62 34 3 16 15 41 4 
57
1 50 49 42 17 54 11 56 55 5 40 29 52 35 51 20 18 19 46 38 15 36 3 32 24 30 26 7 43 23 27 13 41 22 44 47 25 4 53 39 6 28 10 12 9 14 21 48 45 34 33 31 8 37 2 16 57 
21
6 9 17 15 7 18 12 1 5 13 11 20 19 3 4 14 2 10 21 16 8 
20
8 1 14 5 6 13 7 19 18 17 15 11 2 4 16 3 12 10 20 9 
98
62 55 23 6 86 22 71 39 59 66 27 91 49 64 56 32 44 1 78 4 41 57 61 10 94 11 31 79 17 37 67 12 9 92 2 21 53 82 24 29 28 34 8 51 40 19 35 98 13 42 90 70 52 77 43 68 7 81 38 15 26 46 50 3 47 14 95 75 65 87 54 33 30 89 84 16 60 48 72 73 18 63 45 97 25 80 85 36 88 74 20 96 5 83 58 76 69 93 
20
3 20 12 14 1 9 5 16 8 7 4 13 10 6 11 19 17 18 15 2 
88
76 71 60 57 54 52 5 82 33 77 63 27 61 81 9 88 11 18 36 28 3 41 30 12 66 42 25 64 20 39 35 4 58 29 44 38 2 45 10 16 62 51 72 8 34 19 40 67 53 13 87 56 74 24 26 32 22 15 6 31 84 17 48 1 50 37 43 83 55 46 79 49 70 7 23 75 69 78 21 65 59 68 80 85 86 14 47 73 
86
70 80 48 7 62 20 17 18 52 71 74 64 68 11 81 23 28 26 19 6 50 37 79 49 78 51 83 75 72 77 73 1 82 34 86 54 15 33 36 53 57 31 12 47 16 22 42 45 38 60 41 9 27 5 61 21 40 35 3 4 69 32 30 13 10 84 39 8 55 76 24 59 46 14 25 29 67 58 66 63 85 44 43 2 56 65 
6
3 5 1 6 4 2 
37
16 15 30 20 13 27 36 28 10 24 19 32 31 12 14 21 34 23 26 37 18 33 5 17 8 3 35 2 22 9 25 7 6 4 29 11 1 
95
92 83 23 41 53 2 55 5 73 52 45 20 54 38 78 57 71 85 51 95 49 69 91 39 67 84 88 35 60 80 47 28 82 68 40 8 15 26 62 77 86 61 46 22 70 43 32 66 11 89 81 87 79 18 3 30 36 58 48 21 19 90 63 29 12 13 74 14 76 25 17 33 4 10 42 56 65 50 16 1 7 34 44 37 94 6 72 75 9 59 93 31 24 27 64 
33
14 8 22 20 3 17 28 1 21 4 10 11 7 16 30 32 18 15 13 6 2 24 23 27 26 31 33 29 12 9 5 25 19 
4
2 1 4 3 
18
18 7 14 1 10 3 17 9 2 11 13 15 8 6 16 12 5 4 
37
33 21 23 37 19 35 2 25 36 24 9 13 3 1 15 20 10 28 32 11 16 12 30 5 7 4 18 26 6 31 8 17 22 14 29 34 27 
7
7 2 1 3 4 6 5 
59
12 34 59 38 40 30 50 33 26 11 4 21 53 27 17 2 25 6 55 46 22 14 20 15 49 32 35 43 16 9 37 48 39 19 41 8 57 54 10 24 3 56 13 28 51 47 52 42 7 45 23 18 44 31 5 29 36 58 1 
7
1 6 5 4 3 2 7 
8
2 4 1 8 7 5 6 3 
39
9 12 16 5 35 7 23 38 22 3 2 30 15 1 18 14 27 21 29 32 17 28 34 13 19 31 26 25 20 11 8 6 39 36 37 10 24 33 4 
18
1 4 7 12 17 14 18 10 5 8 3 15 6 9 16 2 13 11 
19
14 10 9 2 15 17 5 19 16 8 3 18 6 13 1 12 11 4 7 
33
30 8 9 7 23 2 26 6 15 21 20 12 14 5 16 33 28 1 17 11 10 24 4 31 19 3 32 13 22 18 27 25 29 
27
7 5 25 1 17 23 6 27 3 22 11 21 9 2 10 19 24 15 14 16 8 26 12 18 20 13 4 
34
27 25 9 26 21 19 2 34 8 23 7 13 14 1 11 22 5 32 24 29 3 6 31 18 12 20 17 33 4 10 15 16 28 30 
17
12 8 5 15 3 11 2 4 16 1 7 6 9 13 10 14 17 
35
8 31 1 5 3 7 30 25 21 27 15 20 10 6 12 24 11 19 26 33 4 9 32 35 16 14 22 34 29 2 13 17 28 23 18 
94
59 66 88 25 8 9 91 29 34 15 28 18 3 74 80 26 21 51 5 13 55 43 22 62 19 24 27 77 45 87 89 71 36 54 41 44 39 23 79 65 67 48 85 63 31 12 30 16 86 6 83 20 76 1 42 17 75 35 10 84 73 7 93 14 64 49 68 38 2 60 69 92 11 56 52 32 57 94 33 46 61 81 72 4 78 70 50 37 58 40 90 47 53 82 
13
1 4 5 3 6 2 9 12 13 10 7 11 8 
79
71 67 3 73 34 18 38 1 21 10 68 5 31 52 54 40 19 35 26 77 59 57 14 61 63 50 11 24 49 64 7 78 43 62 20 29 55 32 39 65 17 44 51 2 47 25 22 66 72 69 76 36 27 79 9 53 60 75 6 12 8 56 13 46 58 70 16 28 41 30 23 4 37 15 74 45 42 48 33 
98
94 66 56 37 92 60 31 47 22 30 33 70 81 61 95 93 87 43 17 73 46 90 76 16 28 52 40 98 12 35 72 6 82 85 64 15 4 71 69 74 20 78 41 24 53 1 27 97 48 38 23 10 51 68 83 34 26 65 3 5 86 39 63 75 77 13 2 36 8 19 25 18 49 50 57 88 91 67 59 54 14 80 45 9 62 29 58 89 55 44 84 96 21 7 42 32 11 79 
68
50 18 14 10 22 63 25 15 27 56 57 45 55 42 40 66 30 24 13 33 9 44 64 48 47 52 7 61 28 53 38 20 19 29 31 39 37 17 11 32 49 21 5 62 26 12 2 3 36 41 68 65 51 23 34 35 1 16 43 67 8 58 60 4 46 6 59 54 
88
43 68 53 46 78 73 77 38 81 11 14 7 41 49 70 40 59 66 72 10 16 37 80 15 85 65 76 35 82 27 69 42 54 57 88 12 2 5 79 51 60 32 50 33 6 64 84 24 26 34 22 1 19 45 18 30 25 67 17 29 62 3 61 31 13 55 87 28 63 75 39 56 36 58 8 74 4 86 47 23 44 52 71 9 48 21 20 83 
81
26 43 56 35 51 57 72 13 10 27 29 79 53 60 5 61 14 36 68 49 9 18 8 81 24 55 12 22 1 74 2 33 52 11 70 4 37 69 7 23 15 31 44 67 59 66 48 54 65 78 28 58 3 41 19 34 42 38 63 40 25 46 39 47 80 76 6 73 21 17 77 32 64 62 30 45 20 50 71 75 16 
82
22 34 78 64 4 33 82 36 26 62 50 43 17 37 72 66 47 42 60 45 15 68 67 52 41 14 69 16 73 3 46 61 71 11 20 13 27 77 55 49 28 35 7 25 79 23 12 57 38 5 54 18 48 32 30 39 70 8 59 19 58 40 31 74 44 81 9 21 63 65 6 75 80 1 24 51 2 29 53 76 56 10 
73
64 23 49 62 66 65 31 41 1 54 61 3 24 58 47 7 39 43 53 21 60 35 4 33 30 29 18 20 12 25 38 68 8 26 27 19 22 70 13 42 55 73 11 71 17 40 37 59 51 36 9 72 44 2 46 14 69 45 10 6 28 34 50 15 16 67 5 32 63 48 56 57 52 
11
4 5 10 2 1 7 11 3 9 6 8 
54
48 40 4 38 36 17 1 46 49 34 24 21 31 43 50 2 14 20 52 32 25 42 29 54 3 35 41 28 47 19 27 7 39 10 33 12 13 23 53 9 51 5 15 6 22 30 37 18 44 11 26 45 16 8 
73
59 23 21 13 4 25 41 67 68 36 39 35 40 8 57 37 66 56 51 73 63 6 45 65 32 53 16 64 58 69 52 12 71 61 29 1 26 10 48 43 22 70 9 54 17 60 24 19 18 33 5 47 31 14 49 28 30 38 72 44 34 15 62 27 11 55 50 42 2 7 3 20 46 
69
11 5 14 63 8 29 37 25 33 19 18 47 24 42 67 23 32 13 50 41 44 26 16 69 28 7 30 39 1 2 51 48 56 3 20 43 66 12 53 45 21 22 55 34 52 10 64 61 57 49 58 31 6 60 38 4 35 17 59 9 62 68 15 54 36 40 65 46 27 
19
2 12 8 5 17 15 14 9 3 11 1 13 4 16 10 7 6 19 18 
27
3 16 27 2 26 21 4 13 6 5 12 15 17 10 20 1 11 8 18 24 25 14 23 22 9 19 7 
56
27 12 42 4 36 24 40 33 55 39 1 54 6 51 25 29 13 3 5 46 41 2 30 16 56 15 35 47 14 9 23 11 28 50 49 45 20 19 26 31 10 53 21 22 8 17 44 48 37 18 52 43 34 38 32 7 
38
2 9 31 5 1 10 7 17 36 8 23 13 35 30 26 16 22 24 32 19 15 18 11 14 38 4 27 25 3 21 34 37 28 33 6 12 20 29 
20
4 14 12 18 7 17 19 11 3 13 5 15 2 1 20 9 6 10 8 16 
30
1 26 17 25 28 24 18 15 9 12 27 13 2 7 5 8 14 19 23 16 4 11 3 21 10 6 20 30 29 22 
58
2 57 26 30 1 52 10 45 15 24 36 29 16 51 23 38 19 37 44 55 27 4 6 54 20 58 35 47 48 31 50 39 53 12 42 5 14 32 28 56 8 21 25 17 22 49 40 41 46 7 34 13 3 18 9 33 43 11 
49
39 42 25 9 24 10 2 13 26 45 43 12 33 7 4 5 14 6 32 11 18 46 8 35 31 49 21 37 47 16 41 34 29 19 23 40 15 36 17 38 20 27 28 1 3 22 48 44 30 
60
44 36 10 26 48 12 60 37 45 57 54 3 16 13 29 25 23 7 42 30 31 5 49 35 2 40 43 14 55 28 59 22 39 21 24 6 46 19 47 8 50 41 20 53 38 11 27 58 1 56 34 4 52 18 51 33 17 15 32 9 
45
26 15 19 40 36 20 7 24 29 21 18 22 16 39 35 4 14 43 8 42 12 2 45 11 30 33 5 38 3 13 44 32 31 17 37 10 23 6 9 25 28 27 41 1 34 
56
36 41 29 24 8 18 13 3 46 52 12 30 43 34 39 37 14 44 25 7 47 19 9 6 4 56 11 1 22 16 26 48 2 50 21 40 35 27 28 32 42 23 49 38 45 5 10 20 31 55 51 54 53 17 33 15 
89
38 72 67 21 49 86 69 59 76 1 55 37 10 56 75 40 50 66 25 36 53 41 46 20 47 82 29 84 11 34 19 57 5 87 78 88 45 15 8 68 60 71 27 62 80 16 63 35 24 58 13 3 6 61 4 7 89 74 14 26 22 54 83 85 48 81 39 28 9 51 23 17 79 77 70 64 65 2 52 73 42 44 18 30 31 12 32 33 43 
39
34 12 18 38 35 31 24 15 11 23 28 29 16 32 19 10 20 36 37 13 33 1 14 17 22 27 39 2 21 25 8 3 4 26 5 7 6 30 9 
59
51 16 17 15 49 21 12 24 57 35 19 7 53 25 58 6 27 55 22 52 23 14 39 44 45 43 2 42 9 54 59 46 33 29 38 56 1 18 11 32 8 37 4 41 10 36 31 5 26 40 3 47 28 20 13 48 50 34 30 
36
5 7 32 4 19 24 21 29 10 36 25 2 15 27 33 26 34 1 23 6 28 31 20 12 18 30 8 17 35 16 14 3 9 13 11 22 
23
7 12 2 3 4 15 16 10 18 6 9 20 14 11 21 22 23 19 5 13 1 8 17 
11
5 8 11 9 1 3 2 4 7 6 10 
70
31 38 52 16 10 55 27 20 42 29 19 17 9 45 65 50 34 6 7 59 1 2 49 53 18 63 54 11 4 67 43 30 62 44 5 22 47 23 37 28 39 14 48 13 3 8 15 21 58 64 41 56 70 40 46 68 26 60 24 61 35 69 51 33 25 32 57 66 12 36 
85
81 61 45 51 59 2 41 9 50 17 23 24 8 63 44 54 35 53 15 46 36 37 12 67 34 78 64 79 3 7 55 19 6 20 16 43 76 82 29 11 28 4 58 71 1 69 49 47 33 75 70 22 56 13 80 14 40 39 32 73 31 74 10 72 30 57 85 77 27 66 60 21 26 48 52 42 38 5 83 25 65 18 84 68 62 
81
33 25 77 80 66 53 50 54 79 8 64 59 45 76 74 32 75 17 13 62 43 34 15 23 41 70 60 19 7 46 1 21 42 51 18 24 68 44 40 14 2 81 9 71 47 38 11 27 12 67 6 57 58 10 35 65 28 37 4 29 56 16 69 39 73 20 5 72 52 36 63 26 31 55 22 30 48 49 78 3 61 
60
35 22 40 45 5 56 53 42 57 32 12 7 25 58 28 26 44 19 1 55 38 6 24 41 29 33 9 37 4 31 8 47 3 34 36 17 46 15 20 48 13 52 11 21 18 54 39 27 30 51 14 50 16 43 59 23 60 10 49 2 
66
51 65 52 62 56 49 26 18 59 50 14 17 58 9 3 48 57 15 37 45 2 64 40 23 53 39 19 36 28 43 24 29 47 34 55 27 13 5 42 31 60 35 1 16 6 30 7 44 46 8 25 12 33 63 32 11 10 21 54 38 61 20 41 66 4 22 
75
48 2 30 10 52 1 14 17 12 42 45 72 55 27 63 69 7 38 35 21 58 43 56 61 39 60 70 53 15 73 29 33 18 75 67 4 36 28 40 8 23 68 51 49 6 46 65 13 62 31 44 71 54 3 25 9 59 20 19 34 41 57 66 26 11 22 5 64 16 32 50 37 24 74 47 
80
51 25 52 23 28 19 10 77 17 22 15 44 53 43 66 58 1 11 56 73 30 67 46 40 5 41 57 27 36 59 47 18 55 31 7 50 37 21 68 32 12 33 78 8 39 20 42 26 60 9 65 16 62 75 13 4 70 48 14 6 80 2 24 64 69 29 38 49 61 74 34 45 79 71 35 76 72 63 54 3 
73
5 43 68 12 53 33 37 62 10 49 45 7 66 72 2 73 25 55 65 48 51 15 70 38 30 17 23 57 27 19 11 40 54 18 47 52 22 60 69 35 67 6 28 64 1 21 26 56 39 13 29 31 42 3 63 34 8 46 14 36 71 24 59 20 44 61 9 58 4 16 41 50 32 
23
13 12 4 9 18 20 3 14 16 5 6 11 2 22 7 17 19 23 1 21 15 10 8 
24
2 10 4 6 1 22 18 9 15 7 16 19 21 24 17 5 13 11 14 23 3 20 8 12 
50
14 40 28 46 18 3 19 44 7 32 34 2 22 13 10 9 36 30 1 45 11 26 35 21 31 48 47 33 4 42 50 37 6 8 27 15 43 29 25 24 41 23 12 17 38 5 49 16 39 20 
25
15 14 5 16 23 11 20 12 6 18 25 9 3 21 10 24 7 17 2 22 4 13 8 1 19 
42
16 25 40 26 4 21 23 7 10 3 28 30 29 42 1 11 27 19 13 12 33 5 24 39 31 36 41 22 34 15 9 37 20 2 18 32 14 35 8 17 6 38 
97
35 67 64 34 75 69 20 56 10 48 70 85 3 96 16 15 94 31 82 13 1 93 86 79 26 17 44 80 78 37 4 14 89 66 63 76 8 46 55 28 87 6 24 88 47 49 53 73 50 33 30 45 9 7 21 77 2 62 74 52 38 43 5 51 72 81 97 68 65 12 18 23 90 25 95 91 19 71 36 32 54 42 60 40 41 92 58 84 39 11 57 83 29 61 59 27 22 
19
19 17 8 9 13 2 6 4 10 18 11 7 15 1 16 14 5 3 12 
8
3 5 6 1 2 4 8 7 
8
7 1 3 4 6 2 8 5 
33
25 29 21 17 30 2 18 6 32 3 12 22 19 33 1 8 16 31 15 9 26 11 27 7 20 13 10 4 23 28 5 24 14 
41
36 38 1 11 26 35 24 13 15 5 2 9 16 19 3 31 21 14 41 10 8 30 40 28 39 23 12 33 17 27 4 22 34 6 20 37 25 7 29 32 18 
36
32 34 25 33 11 1 20 10 17 15 9 2 22 6 24 28 18 7 36 29 8 13 19 35 5 23 12 3 4 30 21 14 27 26 31 16 
63
11 53 5 7 58 16 17 31 39 51 21 35 48 28 38 62 57 9 1 61 41 46 45 30 14 47 40 4 50 15 24 12 29 33 19 26 60 44 54 36 34 37 6 25 42 27 43 2 55 32 3 22 13 59 18 8 49 10 23 52 20 63 56 
11
5 10 3 7 1 4 9 11 2 8 6 
50
5 6 15 39 1 9 34 27 45 38 36 11 12 3 32 43 31 29 42 48 17 20 8 16 26 24 49 13 30 35 37 10 2 40 50 25 33 28 46 14 4 7 19 21 23 41 47 18 22 44 
10
4 5 8 1 3 9 7 6 2 10 
35
11 8 22 3 16 31 29 32 33 20 2 1 25 26 17 34 15 6 7 21 23 14 5 19 18 4 28 12 27 35 30 10 24 13 9 
95
2 10 45 19 36 69 63 43 40 91 72 11 25 88 4 17 42 12 51 75 66 38 27 76 74 67 65 14 90 23 64 15 28 95 7 92 39 30 87 34 80 94 16 78 70 56 22 93 79 61 31 37 77 49 5 8 53 13 44 48 20 82 47 60 33 85 73 86 24 3 68 50 83 35 26 32 84 9 59 21 29 41 58 55 89 62 81 71 46 1 54 52 57 6 18 
72
49 12 41 65 29 58 46 47 32 8 52 50 60 7 6 27 3 11 2 14 37 56 66 40 69 67 33 44 21 25 64 1 23 39 45 72 13 54 57 51 16 10 28 35 61 63 24 5 19 26 20 59 4 22 31 15 48 70 34 43 17 38 36 30 42 55 9 71 62 53 68 18 
28
2 18 16 6 27 22 13 23 9 26 7 17 15 1 3 28 21 24 20 14 19 4 10 11 5 25 12 8 
93
82 1 42 43 81 57 45 62 34 76 3 80 70 79 84 41 40 47 5 14 66 61 72 35 18 2 77 93 20 38 63 73 67 10 19 7 48 37 29 59 8 75 88 31 11 51 60 68 58 25 33 64 44 22 85 36 16 74 23 78 17 53 4 15 24 92 46 56 91 13 9 30 39 90 52 12 86 54 49 83 21 71 26 50 32 6 28 65 89 27 55 69 87 
2
2 1 
26
11 18 23 16 8 14 17 19 10 12 4 3 9 7 15 26 21 1 13 5 20 2 6 25 22 24 
66
44 1 35 11 2 30 32 43 16 19 63 7 64 41 49 15 12 26 61 8 65 47 14 4 20 58 33 28 57 25 21 27 38 50 31 36 9 62 3 66 24 52 18 23 48 10 51 17 60 22 40 39 5 13 29 54 56 34 53 46 59 55 37 45 6 42 
43
35 34 30 15 25 3 8 12 41 16 11 14 17 40 9 19 42 7 4 24 22 10 37 23 26 33 27 5 2 32 29 13 38 36 1 43 20 28 18 31 39 6 21 
49
18 11 19 43 36 22 37 13 15 42 2 48 16 35 46 33 17 32 49 6 47 23 7 9 5 44 1 29 31 41 40 24 45 27 10 8 39 38 21 14 3 4 20 30 12 25 26 28 34 
75
1 67 69 60 35 72 45 33 16 17 23 75 54 20 41 47 64 12 3 37 52 73 5 38 14 46 22 56 57 32 26 6 9 15 36 74 21 34 71 10 7 2 30 59 25 61 66 29 50 11 19 58 8 42 27 49 70 40 65 28 43 51 24 48 39 44 18 53 55 13 4 62 31 68 63 
32
32 22 25 17 28 14 19 24 4 31 6 7 10 18 13 29 2 26 3 20 8 9 11 16 27 1 15 30 12 5 21 23 
61
5 11 25 3 38 33 59 56 31 26 44 18 12 22 61 23 10 60 7 50 42 40 39 48 35 20 54 37 47 29 32 41 55 28 4 1 34 46 8 17 36 21 58 16 49 30 51 15 6 24 43 45 27 19 14 52 13 53 57 9 2 
99
98 60 12 13 32 82 58 62 8 4 5 70 33 93 80 65 1 25 63 83 87 74 45 66 84 95 21 46 2 11 38 52 42 37 54 40 78 99 24 72 48 16 97 94 67 47 88 31 22 76 86 29 15 36 19 90 23 57 26 79 55 68 28 75 20 73 43 44 51 69 50 77 81 18 35 92 49 30 53 61 7 34 10 96 14 39 6 59 71 64 85 9 91 27 89 17 3 56 41 
68
51 15 61 53 14 1 45 49 44 5 31 62 18 60 56 13 58 52 46 25 41 36 2 7 33 54 12 64 40 66 11 29 39 43 19 48 4 30 63 35 16 42 50 26 9 59 34 55 37 23 6 24 57 68 17 3 21 22 65 10 8 27 32 47 38 28 67 20 
9
6 3 8 9 1 4 5 7 2 
97
21 95 96 23 46 36 49 69 24 51 60 19 25 94 75 30 11 97 34 45 76 22 88 54 17 81 53 56 7 32 9 38 61 82 65 5 43 55 8 48 57 18 71 14 64 63 89 27 2 20 66 31 1 3 85 77 87 72 50 58 84 37 42 47 79 92 12 90 16 10 83 15 35 6 67 28 33 40 93 44 26 91 41 52 59 29 68 39 86 78 13 80 70 74 62 4 73 
31
20 10 31 23 15 21 2 28 16 12 14 7 5 4 19 3 18 30 13 8 9 27 1 25 17 22 24 11 29 6 26 
67
58 19 32 61 41 14 66 60 2 50 34 6 20 54 1 36 11 45 3 55 40 44 28 7 52 9 51 39 65 56 42 12 4 64 27 48 13 49 30 16 24 15 67 23 5 62 38 37 31 35 57 63 33 59 10 22 21 8 26 43 18 46 47 25 53 17 29 
15
5 12 4 6 9 2 1 14 8 7 11 15 10 3 13 
67
26 38 52 60 2 7 33 22 63 9 51 5 4 15 13 66 28 44 23 25 64 57 21 8 19 36 62 17 3 20 27 43 56 41 29 37 10 53 32 42 54 47 61 18 50 34 12 40 24 1 46 49 6 65 55 30 31 67 14 48 45 35 16 11 58 39 59 
55
40 12 29 46 27 42 38 26 47 1 36 30 20 35 15 28 25 48 22 3 23 5 37 39 33 8 24 32 51 9 21 54 18 34 31 2 43 49 11 6 41 19 45 44 14 50 10 4 13 17 53 16 52 55 7 
66
17 37 30 61 35 13 11 28 50 43 60 15 64 27 31 66 54 16 32 36 34 23 18 55 53 2 14 29 38 19 59 26 42 1 45 56 49 7 58 22 10 57 44 3 25 33 48 39 65 63 52 8 51 5 47 9 46 41 6 24 4 62 20 12 40 21 
73
10 57 40 24 20 43 67 69 30 28 36 39 21 64 32 15 18 53 12 54 23 3 2 13 55 58 50 45 60 17 35 33 9 16 44 47 71 61 1 46 6 7 8 37 65 59 14 56 66 34 11 41 29 68 5 63 38 25 19 48 26 27 72 51 42 4 52 31 70 62 73 49 22 
40
22 19 15 12 26 31 13 27 1 30 25 29 28 9 6 39 16 2 7 11 20 35 37 36 32 21 33 24 8 40 10 34 4 18 3 38 23 14 5 17 
83
37 11 1 58 71 24 10 9 19 72 50 54 36 74 60 78 3 69 22 12 21 18 70 2 32 62 68 43 61 53 5 41 6 34 63 31 65 52 80 35 30 38 7 15 29 17 59 51 55 46 16 28 39 42 8 73 57 26 13 14 82 33 76 45 4 25 47 23 27 79 81 44 48 77 49 20 83 66 75 56 64 40 67 
56
25 53 35 12 6 28 42 19 14 7 3 51 44 22 50 39 13 8 11 9 40 33 43 1 17 31 45 21 52 2 29 16 23 36 54 10 32 20 47 15 46 49 38 41 55 24 4 56 37 5 18 48 30 26 34 27 
35
30 19 34 29 28 23 8 15 3 31 18 25 27 22 21 20 4 24 13 11 26 10 17 32 2 6 5 16 12 33 1 9 35 14 7 
98
42 92 20 45 94 90 96 7 95 56 36 64 55 73 32 85 10 62 4 2 86 67 24 98 41 3 8 63 31 66 30 46 35 16 88 19 23 77 93 75 18 53 70 80 79 83 97 84 9 21 78 37 58 26 17 13 29 74 49 34 57 33 38 65 54 43 59 72 91 50 52 40 39 12 48 22 76 60 82 15 11 89 25 14 69 28 71 44 6 1 27 68 51 81 5 87 61 47 
49
11 8 20 32 44 2 43 19 12 37 21 27 30 13 46 17 42 40 31 24 34 36 29 4 25 10 41 49 22 1 16 38 33 3 15 48 18 5 45 26 28 7 47 23 14 35 9 39 6 
46
29 40 23 30 4 35 27 7 25 9 33 34 32 21 17 10 22 26 31 2 38 11 24 41 18 20 39 44 37 28 16 8 1 46 14 3 5 43 19 42 12 6 15 13 36 45 
75
26 45 24 43 39 54 73 55 66 6 64 14 67 8 35 62 5 21 63 25 2 59 52 48 56 40 32 71 60 41 37 70 3 11 51 75 65 19 20 38 29 16 47 69 42 53 4 34 68 50 1 44 72 13 58 28 15 74 61 12 31 30 36 49 46 22 7 33 23 17 27 9 18 10 57 
37
13 30 21 6 32 19 17 24 7 12 15 23 27 8 34 28 25 9 29 10 1 26 4 2 11 33 37 36 35 3 5 18 16 20 31 14 22 
28
1 2 12 5 14 19 8 3 20 9 26 27 24 6 15 17 21 16 18 7 23 13 28 10 22 4 25 11 
96
32 78 87 47 80 65 6 76 52 34 74 82 61 10 58 75 73 44 86 42 35 51 9 77 60 70 4 23 66 16 91 50 40 84 89 20 48 45 53 46 67 93 31 22 27 39 79 18 29 90 41 21 13 69 68 11 57 63 83 92 59 5 19 95 43 81 28 54 37 88 94 26 33 7 1 71 17 96 24 55 3 8 64 14 30 2 38 62 15 85 36 49 25 72 12 56 
90
59 33 2 32 45 31 26 17 27 38 68 14 8 69 41 23 63 4 73 18 90 10 62 28 70 39 22 9 24 7 87 47 16 61 78 65 1 5 82 84 51 11 83 19 40 81 74 3 88 86 44 36 6 15 56 55 67 60 43 64 54 71 49 80 72 58 57 50 42 89 76 20 34 30 37 29 46 53 77 85 52 35 21 12 66 75 25 13 48 79 
96
5 58 80 61 39 68 77 19 22 34 2 43 53 27 9 3 38 95 32 48 18 49 50 6 35 31 71 93 73 78 26 1 59 46 41 67 8 14 87 56 60 29 10 72 82 36 55 91 30 94 83 23 88 15 84 65 76 28 52 51 69 63 64 12 79 54 17 70 96 44 89 7 74 24 45 11 62 4 47 66 40 75 20 33 21 25 37 90 42 57 81 13 92 16 86 85 
99
84 62 12 95 89 16 56 22 57 36 38 34 27 1 65 85 32 51 6 74 13 42 77 17 88 99 25 96 90 9 86 10 37 54 26 81 33 35 68 49 71 93 64 79 46 58 94 60 70 45 40 29 5 23 19 61 72 75 98 28 73 31 50 91 3 48 4 20 14 41 63 76 15 80 8 82 7 53 21 43 67 97 11 39 18 69 44 92 30 66 2 87 52 59 78 47 24 83 55 
8
2 8 3 1 5 6 4 7 
74
49 45 60 8 24 30 58 51 42 41 16 4 48 22 17 44 18 46 28 52 70 20 73 21 56 61 12 67 32 39 72 57 63 29 33 62 71 34 66 13 50 35 3 65 40 1 19 27 68 31 23 25 6 69 37 11 38 54 10 36 53 5 7 26 43 15 59 74 64 9 47 2 55 14 
83
3 73 1 38 2 25 82 65 60 19 71 46 41 10 14 36 9 67 45 35 23 79 66 53 32 48 43 77 64 6 47 44 55 50 7 21 61 81 4 62 40 22 34 51 28 63 33 39 13 30 72 58 80 59 83 15 29 5 54 52 18 31 11 49 8 20 74 68 75 24 42 12 56 78 70 27 26 37 16 57 69 17 76 
93
61 27 90 81 11 50 18 80 28 52 66 42 34 3 19 70 63 9 8 46 89 88 31 78 60 4 55 43 74 26 22 65 67 73 16 12 56 64 82 32 1 85 57 6 38 41 84 15 45 48 7 37 92 25 54 75 39 83 29 5 30 20 23 35 33 2 51 49 13 62 47 14 77 93 36 72 69 10 71 44 91 24 21 58 76 17 59 68 53 79 87 86 40 
57
12 23 48 17 56 53 36 7 50 30 49 47 51 41 6 37 21 2 38 5 28 54 42 46 55 33 19 35 9 39 3 44 27 25 29 16 26 18 52 4 34 45 13 15 8 1 31 24 10 43 32 20 11 40 22 57 14 
58
2 16 12 37 48 17 50 55 13 53 39 22 30 51 57 26 27 19 4 23 7 47 29 10 18 21 38 41 56 1 15 52 45 9 34 28 20 58 31 54 24 6 11 36 35 49 46 40 43 44 14 8 25 32 42 33 3 5 
86
59 75 8 55 47 32 54 7 80 16 78 66 48 76 43 35 17 53 28 81 74 2 58 73 36 62 19 44 49 63 5 12 56 72 38 37 41 64 42 26 65 1 34 67 23 14 3 84 39 24 68 79 60 82 21 15 71 33 20 85 70 86 31 6 25 13 51 10 45 57 9 83 11 69 29 30 22 4 52 46 77 27 61 50 40 18 
6
4 5 2 1 3 6 
4
1 3 2 4 
82
78 23 71 76 15 58 36 22 10 70 20 33 19 50 52 40 39 82 17 26 55 46 7 59 24 79 54 8 16 62 53 27 69 29 80 81 21 77 44 63 45 43 67 42 6 3 41 31 14 57 48 28 65 66 47 5 64 38 4 9 73 49 56 35 12 37 32 51 13 72 2 18 25 34 30 11 75 68 60 61 1 74 
39
28 18 11 33 27 23 9 17 3 38 30 5 19 24 34 15 25 7 20 31 12 39 16 22 13 10 32 37 36 14 2 4 8 26 6 21 1 35 29 
42
18 34 29 38 30 26 32 41 2 17 24 19 15 39 25 16 6 27 13 9 23 31 21 4 3 10 40 8 42 5 35 1 28 11 22 20 14 7 37 33 36 12 
31
11 8 1 25 18 23 9 15 19 10 27 7 26 12 21 16 28 2 13 3 5 29 24 31 20 14 22 30 6 17 4 
95
77 67 72 42 38 5 34 71 1 68 14 2 58 80 28 43 60 70 12 92 69 86 24 89 93 7 56 36 20 51 33 81 95 41 18 3 35 75 87 53 29 23 57 59 30 88 25 49 37 61 32 6 82 90 76 16 27 74 52 84 39 19 45 46 73 11 40 21 13 50 44 79 17 85 64 31 91 55 83 8 63 15 54 48 94 26 65 66 22 10 62 4 9 78 47 
48
1 4 3 23 7 32 25 40 44 5 10 16 6 2 13 46 21 34 20 45 8 33 31 48 17 9 39 35 36 47 26 27 42 28 14 19 29 22 15 12 18 41 38 37 11 43 24 30 
88
35 83 82 25 57 48 15 65 79 55 76 68 23 3 27 71 60 52 11 12 24 22 18 38 4 72 20 53 44 40 1 59 5 10 47 85 21 13 87 2 80 67 50 34 88 69 56 75 37 73 84 70 31 51 30 49 46 7 86 19 66 28 32 77 36 45 61 81 54 17 78 33 42 58 41 16 43 14 64 74 62 29 9 26 39 6 63 8 
77
76 23 48 20 53 52 21 62 7 24 69 39 4 49 29 27 1 12 74 60 61 32 64 9 34 26 25 19 47 2 71 77 56 17 66 18 59 67 65 50 38 72 11 6 57 31 41 10 37 14 63 13 54 30 5 45 3 28 75 15 36 42 35 51 73 44 58 70 46 16 55 22 68 43 33 40 8 
12
10 2 7 5 11 12 8 9 6 4 3 1 
52
3 45 20 32 12 49 50 24 44 1 10 18 36 27 51 8 25 23 19 9 38 7 16 42 4 46 37 5 22 11 6 30 29 31 52 15 48 43 28 35 40 17 34 26 39 47 14 13 33 2 21 41 
30
24 18 15 7 12 14 28 6 19 3 27 4 29 25 30 23 8 11 16 10 5 20 13 1 17 26 22 9 21 2 
32
1 31 3 24 32 9 29 23 14 5 12 6 2 22 25 15 7 27 18 21 4 19 11 17 13 28 8 16 26 20 30 10 
82
34 79 30 75 25 19 52 4 81 31 54 82 67 59 27 62 70 3 58 13 73 15 1 57 72 14 51 65 68 5 10 60 61 29 46 21 20 12 74 78 9 41 16 32 71 18 47 77 35 76 2 11 43 66 39 53 28 56 33 23 36 55 26 44 63 80 17 38 45 49 24 40 48 64 8 37 42 6 7 50 22 69 
46
19 27 25 3 36 20 23 7 42 13 14 22 29 38 46 45 28 10 40 24 33 44 26 32 11 9 12 37 39 16 43 35 18 4 30 17 15 34 5 31 2 6 21 1 8 41 
57
18 37 38 12 3 25 22 4 33 50 39 57 46 42 55 35 5 36 9 43 8 52 15 24 20 53 31 19 40 13 7 11 10 32 29 47 28 56 6 44 17 34 2 26 21 41 14 1 30 48 23 27 51 45 54 16 49 
65
14 39 28 15 55 45 25 2 32 64 3 51 17 9 37 60 26 7 61 6 43 21 31 19 33 63 50 13 4 29 8 5 49 52 59 12 35 58 38 44 42 10 57 16 30 62 22 54 40 65 27 1 48 20 11 34 23 53 47 41 36 24 46 56 18 
96
9 16 94 61 57 10 38 11 17 39 8 88 14 22 85 58 15 32 13 41 46 33 50 96 35 74 78 71 29 76 1 36 90 7 2 79 70 81 34 64 42 63 27 72 54 19 77 73 20 66 92 52 4 95 18 65 45 53 12 37 30 28 51 40 31 75 83 93 56 47 6 67 89 87 69 59 86 84 68 5 60 55 44 21 3 82 91 80 23 48 49 62 25 26 43 24 
85
39 11 21 74 75 64 20 40 48 9 69 59 45 27 73 1 35 85 8 80 16 14 67 3 82 68 83 38 15 37 79 25 6 62 10 51 76 29 66 60 71 5 53 44 57 26 61 43 34 81 28 78 22 2 46 54 47 49 24 52 19 72 17 65 32 18 42 41 36 50 63 12 56 55 84 13 4 58 30 77 31 23 70 7 33 
85
51 11 45 8 49 39 29 73 23 16 34 69 10 22 78 72 70 7 66 36 68 13 61 83 55 28 33 3 15 14 79 21 41 54 84 38 60 26 67 43 20 57 4 59 62 46 32 40 37 19 35 52 58 71 75 77 80 24 48 47 25 63 65 53 6 82 17 1 42 12 30 2 31 50 9 5 74 18 85 76 44 27 56 81 64 
29
7 16 2 17 11 24 13 20 27 5 8 15 1 4 23 6 14 12 22 18 29 3 25 28 21 10 19 26 9 
55
2 9 33 1 6 48 54 16 27 35 29 5 30 31 32 40 24 22 4 23 39 43 19 52 55 17 3 50 34 15 49 18 28 42 37 47 7 46 13 10 38 14 44 11 8 36 53 12 20 51 21 26 41 45 25 
92
55 20 61 17 72 40 22 77 37 31 89 30 81 49 10 66 59 88 15 14 53 42 64 39 33 51 16 70 76 11 75 12 32 9 50 28 26 25 78 73 29 45 65 83 56 57 46 63 54 6 18 2 34 27 80 19 8 85 3 43 21 5 24 68 82 79 74 48 60 23 41 7 36 62 44 38 87 1 13 86 67 4 69 52 84 58 35 92 47 71 90 91 
5
1 5 4 3 2 
99
4 28 82 58 43 20 69 59 94 79 9 52 83 8 48 72 66 50 6 2 71 73 19 31 85 42 51 95 86 61 41 68 38 67 23 10 99 16 5 60 64 49 88 11 47 24 26 97 17 53 56 74 75 32 1 91 45 39 27 55 15 63 44 14 87 84 57 18 37 22 90 70 36 80 29 76 33 78 89 98 77 62 40 3 34 81 35 93 46 30 96 21 7 54 12 13 25 92 65 
71
26 42 10 24 29 56 41 16 47 35 20 25 44 64 65 4 33 51 66 11 22 43 36 57 55 50 3 30 31 21 7 49 15 32 6 69 1 45 37 52 2 28 12 48 34 17 54 40 19 13 14 58 53 27 70 39 9 23 18 5 59 60 71 62 67 38 63 8 68 61 46 
34
26 4 3 24 12 13 18 31 19 15 29 32 34 27 17 6 7 1 2 10 11 22 28 14 23 8 25 16 33 5 30 9 20 21 
63
40 17 29 58 14 7 5 20 30 4 61 43 6 59 55 52 62 2 1 35 25 50 22 57 10 53 11 36 54 26 45 27 46 51 38 47 28 34 37 3 44 42 33 39 19 31 41 16 13 48 32 12 24 9 18 60 15 49 63 21 8 23 56 
73
50 33 20 17 28 27 16 11 63 65 55 32 25 67 26 19 36 51 7 46 64 5 24 45 57 23 72 41 53 14 68 13 35 37 43 62 9 3 29 15 4 52 47 30 70 49 34 38 73 40 2 10 44 12 1 22 6 8 60 58 48 59 69 42 21 18 39 61 71 56 66 31 54 
63
62 58 7 39 29 6 15 44 53 37 59 23 16 5 61 57 63 24 3 17 33 43 52 25 38 55 36 9 1 11 10 35 13 14 27 4 31 50 32 19 34 56 40 49 30 48 8 28 21 47 46 51 20 12 2 18 60 42 45 26 41 54 22 
3
1 2 3 
18
10 1 4 3 18 8 7 14 5 13 15 2 11 12 6 17 16 9 
53
9 36 16 44 26 35 1 46 21 42 51 40 33 24 7 4 39 53 10 38 29 19 18 52 27 11 22 23 48 2 25 41 34 6 20 12 28 3 43 50 14 5 8 17 49 31 32 13 15 45 30 47 37 
27
1 25 11 14 2 23 5 21 13 10 12 16 22 26 17 7 19 3 4 27 15 18 8 6 9 24 20 
34
5 8 11 32 16 28 13 18 25 17 9 3 20 14 7 10 34 1 15 30 29 2 23 22 4 33 31 12 24 6 26 27 19 21 
59
4 55 49 17 11 12 26 53 19 32 48 10 21 41 7 20 42 8 9 14 5 27 23 13 54 33 2 38 58 59 46 24 35 52 47 31 37 34 25 30 39 18 44 40 45 43 3 29 50 51 56 22 16 6 57 15 1 28 36 
33
7 26 19 16 15 11 24 9 5 6 14 2 23 8 28 29 22 1 13 20 25 18 4 10 21 33 30 17 12 27 32 3 31 
42
8 1 17 35 13 31 4 39 14 15 22 30 10 36 40 3 29 7 37 25 18 42 24 20 2 16 11 9 33 12 19 41 23 34 38 28 21 27 26 32 5 6 
90
2 75 38 18 61 46 90 4 26 7 85 62 83 35 48 71 76 60 24 56 89 73 43 22 29 70 77 40 69 21 13 67 79 16 55 87 9 34 63 81 25 1 74 5 58 57 72 45 36 32 49 86 31 51 78 84 20 28 54 12 42 41 23 66 33 27 30 80 82 6 50 3 19 65 59 52 37 88 17 10 47 39 64 11 15 14 44 8 68 53 
18
1 17 6 14 15 11 7 18 8 9 16 10 3 13 12 5 2 4 
99
13 14 21 79 69 52 90 76 82 5 75 47 10 88 38 58 33 12 43 8 81 61 92 26 60 34 65 78 17 59 64 91 68 96 41 74 16 44 37 29 73 48 1 35 62 32 40 85 71 56 25 77 4 19 31 22 98 95 42 6 63 49 89 57 36 66 54 94 45 84 39 93 9 55 28 99 2 87 86 23 46 70 51 24 30 50 72 11 80 67 3 15 53 7 18 27 97 20 83 
3
3 1 2 
83
22 10 59 43 31 61 73 15 47 37 7 53 77 4 25 45 42 52 80 14 1 81 70 69 68 78 63 51 30 83 23 48 5 26 54 64 8 46 13 20 18 16 72 39 75 9 3 74 40 55 49 65 60 12 76 21 62 56 29 50 6 79 28 11 33 27 67 58 82 2 24 57 38 41 44 17 34 32 36 35 71 66 19 
33
33 25 32 2 12 26 13 20 1 22 30 9 4 31 18 7 10 29 27 8 15 19 21 3 28 24 16 14 17 23 6 5 11 
27
27 21 7 12 18 14 4 25 24 6 23 8 22 20 9 16 13 26 19 15 11 1 3 5 10 2 17 
