1000
1000
1000
13 9 83
2 4 17
16 1 73
17 5 6
17 3 24
4 7 17
11 5 95
10 5 97
4 9 98
3 7 21
20 10 91
16 2 80
19 4 32
11 4 90
17 4 16
19 6 64
6 3 26
17 3 39
18 10 6
20 10 28
7 4 97
5 4 87
11 8 37
7 5 91
2 10 72
3 5 51
12 4 59
1 1 100
15 4 52
18 3 18
18 8 87
10 5 14
19 4 25
8 7 98
4 3 55
18 4 11
17 2 96
3 10 4
3 7 86
2 9 33
17 4 81
8 9 39
2 6 64
6 10 65
3 1 68
13 3 74
18 9 23
2 6 41
6 2 85
15 1 36
10 2 18
2 5 100
12 1 21
19 5 90
1 10 96
7 5 72
2 8 89
16 9 17
8 4 83
4 3 68
17 9 63
15 6 5
18 7 37
2 4 23
12 5 2
15 10 34
11 6 48
20 7 90
13 9 84
10 7 93
17 3 38
3 8 46
19 10 42
4 3 56
11 7 59
14 2 63
10 3 61
19 9 79
20 6 38
5 5 22
6 10 96
17 5 7
4 6 83
4 5 48
11 10 49
15 6 70
10 7 87
11 1 44
5 7 46
3 2 15
17 2 59
2 9 82
16 7 20
13 4 12
17 7 36
4 6 19
2 1 36
18 4 58
10 7 44
9 3 31
5 6 54
2 7 94
13 7 26
17 8 29
14 7 42
20 3 42
19 4 60
6 8 61
20 4 78
9 2 47
19 1 25
5 5 3
7 5 58
6 5 14
4 9 65
18 8 68
3 10 24
18 5 22
19 8 52
6 3 8
16 9 75
4 7 13
7 3 96
11 6 12
4 10 91
9 2 79
3 1 45
16 7 33
16 7 28
3 9 64
6 8 92
15 4 5
13 9 56
18 4 81
10 4 83
20 5 97
19 7 92
1 6 27
18 10 95
2 5 41
5 8 47
6 9 88
2 3 67
9 2 37
3 10 88
17 6 31
6 9 81
15 1 25
5 5 13
3 8 59
19 5 25
8 1 11
9 8 85
14 8 24
15 1 29
15 1 4
8 1 29
10 6 13
3 7 16
2 7 66
15 2 68
8 1 54
9 6 67
14 1 22
5 2 84
7 7 7
8 7 34
20 1 95
13 2 25
9 4 18
5 6 36
12 9 9
4 10 63
2 3 23
2 6 41
13 8 11
4 4 61
15 5 65
10 1 98
12 3 93
1 1 34
3 2 80
7 2 60
14 1 26
14 8 36
19 5 26
15 8 30
5 9 20
10 10 84
4 4 47
17 5 32
15 8 89
5 6 24
14 8 75
9 9 53
19 10 60
12 1 17
8 6 27
8 7 100
9 6 46
16 2 72
8 1 15
2 2 4
10 4 95
10 3 12
9 4 43
10 10 35
5 9 42
10 7 31
13 2 72
12 9 88
16 1 76
19 7 85
12 9 62
2 10 9
6 9 92
3 5 51
13 9 37
4 4 84
6 1 50
16 3 89
12 2 65
15 5 51
1 6 22
5 7 7
2 1 11
16 7 58
18 4 41
7 4 38
10 2 54
2 5 20
8 5 62
4 5 50
20 2 31
14 1 66
16 5 5
11 7 53
20 7 37
19 7 69
9 9 65
7 2 74
13 1 60
16 2 56
16 4 84
11 1 52
5 6 61
5 5 58
10 9 78
6 9 35
17 10 100
3 7 61
17 10 11
2 9 85
6 4 67
2 1 63
14 1 18
7 2 14
14 7 47
20 5 55
7 5 31
18 6 69
16 1 100
5 3 16
7 5 32
2 1 51
20 3 48
6 4 23
4 6 4
19 4 98
7 1 1
5 7 86
1 4 68
17 4 71
8 9 54
18 2 17
20 5 92
16 7 6
7 2 93
19 8 97
20 10 19
13 8 23
20 8 87
10 8 3
3 5 67
14 4 22
12 8 60
8 6 25
13 5 16
8 3 68
7 8 61
19 1 31
17 4 35
9 2 77
10 5 20
1 10 82
8 10 23
9 7 50
12 5 100
8 10 37
11 10 44
1 8 3
5 10 58
19 3 20
14 6 92
8 6 94
14 6 80
2 1 95
4 7 20
3 10 79
16 5 53
1 5 91
2 6 71
19 8 40
8 10 58
6 1 62
4 7 46
11 10 85
4 2 4
13 4 40
2 2 48
11 10 74
5 2 55
11 1 38
5 9 73
3 4 13
1 8 79
20 6 72
10 9 39
9 1 59
3 7 10
2 8 78
4 9 53
11 1 100
10 4 57
17 9 37
10 9 20
2 3 46
11 5 60
12 8 38
19 9 39
8 10 46
4 10 78
11 8 4
3 6 27
1 4 93
6 3 82
4 5 92
7 3 96
4 10 19
2 8 17
12 4 82
13 10 79
20 7 3
8 6 8
18 4 49
10 1 89
18 8 23
16 7 41
7 8 58
1 10 49
15 5 7
15 5 34
2 6 17
1 7 63
11 10 69
7 10 30
20 1 25
11 3 13
17 3 99
15 4 33
8 3 79
10 4 43
18 1 13
10 9 51
4 1 68
8 6 18
9 6 75
6 5 81
6 3 63
5 10 41
6 8 46
1 6 73
18 9 9
7 3 33
11 3 72
3 6 16
10 5 94
5 4 43
20 2 22
12 7 81
17 2 38
14 4 97
10 6 94
18 9 48
14 1 67
15 5 13
10 5 2
11 6 92
15 9 34
20 7 66
8 8 2
9 9 99
10 9 33
12 4 2
7 2 23
10 5 93
12 9 34
7 9 16
9 4 93
3 10 13
10 1 54
6 7 12
16 10 60
5 3 40
6 10 6
10 1 5
5 9 56
8 6 7
18 4 36
6 9 59
18 7 6
4 3 48
19 9 58
15 5 93
6 1 51
9 3 84
8 6 79
18 3 41
19 8 63
18 9 44
15 7 67
9 5 96
7 5 47
3 3 14
2 8 84
2 10 81
17 5 12
17 3 100
8 6 48
10 9 82
13 7 60
15 9 97
2 8 38
2 6 43
8 5 59
11 1 96
9 9 45
4 3 75
5 8 92
6 8 97
5 5 36
8 1 72
15 9 79
16 4 26
16 6 44
6 2 43
19 8 58
9 8 66
14 2 93
1 9 86
12 6 84
17 4 54
12 10 87
14 8 37
11 3 97
20 8 71
13 2 1
4 10 36
17 4 52
18 1 4
16 7 44
19 3 44
19 6 19
17 4 21
12 4 81
4 4 80
8 3 41
18 1 75
10 5 93
4 1 99
7 8 75
4 2 58
5 9 44
1 9 52
4 8 1
17 6 38
17 1 93
18 7 15
6 8 17
8 1 51
11 2 45
13 6 35
3 1 61
15 1 5
5 4 11
16 10 44
3 1 9
3 7 88
1 6 62
17 7 79
15 1 67
5 9 44
19 3 14
20 6 41
9 9 31
4 2 33
19 7 97
20 5 17
5 10 48
14 8 57
2 10 28
6 8 86
15 10 46
12 6 39
9 8 10
2 8 70
14 9 28
14 10 29
17 6 20
3 2 60
18 8 33
7 6 58
2 8 4
5 9 97
5 4 34
1 3 30
19 5 66
1 2 86
15 7 50
5 3 23
15 2 37
15 9 70
6 6 45
19 4 16
13 9 48
4 4 1
18 1 80
2 5 81
2 10 6
12 6 76
11 3 22
4 2 84
12 3 56
6 5 24
14 5 5
16 2 3
13 4 25
18 3 89
15 4 40
16 8 74
10 9 24
17 9 10
15 7 8
10 3 11
17 9 49
15 7 53
10 5 71
18 8 41
17 1 54
11 10 46
7 8 85
11 4 90
11 1 86
15 1 81
8 2 86
16 5 26
19 1 36
15 9 12
19 7 1
13 1 74
7 10 94
10 9 38
10 2 10
19 3 58
17 7 62
4 2 35
19 5 79
13 4 46
13 10 38
15 3 18
15 9 89
14 7 7
12 10 48
4 4 62
10 8 46
16 6 18
3 6 60
1 7 25
9 10 76
7 5 57
16 10 1
1 9 69
20 5 49
15 4 23
18 3 19
12 1 80
7 2 34
18 8 48
9 6 19
6 9 43
18 8 42
18 9 98
9 3 7
2 9 7
1 7 79
8 8 83
9 8 74
13 8 30
19 3 20
15 4 100
20 8 79
9 7 6
4 10 27
20 10 86
20 2 17
16 1 27
10 1 47
3 4 3
7 10 85
7 3 50
4 7 69
3 9 31
7 1 36
15 4 69
9 4 79
18 9 78
18 5 74
4 2 91
4 4 45
16 2 75
6 6 77
19 8 2
17 7 16
14 8 51
20 7 52
18 10 16
14 9 31
2 10 33
15 3 75
20 6 30
12 10 53
6 10 21
8 7 51
2 10 11
8 10 38
15 9 79
10 9 23
10 2 98
19 8 77
6 4 98
11 10 57
2 10 60
5 6 15
18 4 67
2 6 99
17 3 73
6 10 94
8 10 9
5 8 3
3 8 77
2 4 87
7 10 58
7 1 18
8 8 47
8 2 59
11 6 72
15 4 54
8 2 22
19 10 77
6 3 97
7 1 66
20 6 61
20 7 42
14 8 45
20 9 94
20 8 38
12 1 74
11 7 43
9 1 21
1 5 50
13 6 47
12 8 72
14 1 55
10 6 95
9 6 48
1 4 96
15 9 66
16 8 86
12 2 31
9 7 93
1 4 12
11 4 40
19 6 92
1 10 78
11 9 18
4 7 41
5 5 78
18 5 17
20 9 31
12 6 8
16 10 61
19 4 30
2 10 3
11 10 95
3 10 74
3 7 37
20 3 17
20 10 67
20 5 35
14 5 6
9 8 41
4 2 27
5 2 39
11 4 7
16 6 7
15 8 7
15 2 81
7 4 71
12 6 76
10 5 79
2 9 77
12 5 23
15 2 87
6 1 54
9 8 21
13 4 27
7 10 8
11 8 93
18 1 46
19 10 6
2 7 69
12 1 1
19 7 46
17 8 62
12 6 86
12 2 71
11 9 2
9 1 15
20 4 23
17 2 49
8 1 50
6 5 92
15 7 1
5 9 54
18 9 93
17 3 89
5 5 46
12 6 31
9 4 70
20 3 52
9 1 55
9 8 57
4 3 13
19 3 62
16 7 59
12 8 60
13 3 84
4 7 44
19 1 97
13 2 9
2 1 86
13 9 12
9 8 91
10 2 9
10 4 98
9 7 58
8 10 79
8 8 17
2 10 5
7 8 5
4 6 44
12 5 82
7 1 93
3 1 72
19 8 34
12 2 90
12 6 58
19 8 85
4 9 91
1 5 37
9 8 56
17 3 34
7 2 1
16 5 59
18 5 43
9 8 85
2 6 92
15 4 95
15 8 34
17 10 86
9 4 61
18 3 69
5 10 19
6 6 97
9 8 2
6 6 27
18 9 76
18 3 6
15 9 45
9 2 97
19 8 20
3 5 26
4 2 5
13 7 1
6 2 77
16 7 99
16 9 31
7 6 60
15 5 49
1 9 19
11 7 94
4 3 15
4 10 1
10 1 74
17 2 14
19 8 69
17 10 42
1 5 19
15 4 35
5 10 81
3 9 55
13 3 45
16 8 59
14 2 12
20 9 32
5 10 67
10 7 33
18 4 53
7 6 88
4 7 89
12 5 81
5 2 61
14 1 66
19 9 6
4 1 72
7 3 37
13 4 66
17 2 40
11 2 26
7 9 59
8 3 51
3 4 12
1 5 63
19 3 43
6 8 39
10 10 71
16 9 44
10 8 16
8 8 98
1 9 17
14 4 87
6 3 99
20 8 40
7 1 48
10 6 13
18 7 14
2 6 62
13 2 81
4 6 84
8 7 73
17 4 78
12 10 36
19 1 87
6 1 10
12 1 60
17 8 38
20 8 7
3 5 88
12 1 61
15 4 92
7 1 9
9 4 59
2 4 48
13 10 54
18 10 43
19 9 19
14 3 80
17 2 26
4 5 69
5 4 43
11 7 100
15 4 28
6 5 64
12 9 29
15 1 31
19 3 56
15 1 21
1 7 11
7 4 60
4 2 35
11 8 31
8 5 20
15 5 94
18 8 74
2 1 95
14 8 86
8 3 25
15 8 92
17 2 70
12 5 20
15 3 56
9 9 59
5 7 93
4 6 29
18 7 51
3 7 35
18 9 29
3 6 32
18 7 97
15 3 67
20 4 2
9 4 62
3 6 96
8 6 73
5 1 98
5 7 63
16 2 81
14 3 81
16 9 28
18 6 56
20 2 27
4 10 41
19 5 47
15 8 91
3 5 44
13 2 36
10 2 5
4 7 56
6 2 26
14 7 94
5 2 27
12 2 39
13 8 24
15 3 13
12 7 78
8 1 52
6 1 33
9 5 21
1 3 81
16 5 23
4 1 23
17 6 50
8 4 79
8 7 58
15 3 73
4 10 90
14 3 26
17 9 44
11 2 75
7 5 78
1 9 42
16 3 37
3 10 98
18 3 35
4 9 7
17 3 20
19 7 64
1 1 82
14 4 52
9 7 33
15 7 14
6 4 94
13 1 44
1 2 99
19 9 26
10 3 93
13 1 48
5 4 5
8 2 25
15 3 86
7 1 32
2 9 98
9 7 65
15 10 34
5 10 24
8 8 19
19 2 23
15 5 1
4 4 63
18 10 78
19 5 43
7 8 100
13 5 34
20 10 81
2 9 30
6 7 78
14 1 75
6 4 60
11 9 34
10 5 80
8 6 21
7 9 32
1 2 38
19 10 6
1 9 4
15 5 89
9 7 88
17 5 64
15 8 54
3 10 47
