100
303290 817478 265939 653003 598495
713910 638933 901971 605324 750264
473249 88261 362177 145149 202173
10580 254686 934789 490046 93054
488700 222998 58605 491816 274916
740939 154986 356597 294464 875020
196386 970011 440390 708305 263585
832433 532534 308600 218507 324825
642332 185459 859937 619580 674848
163693 546290 685532 193507 479133
543536 974694 859132 484872 154008
782310 61637 527492 85020 642960
401564 445877 364508 328774 732050
553609 389409 896716 32877 696058
442482 758197 924712 455205 384622
710935 972964 288757 242038 568897
318364 143379 635691 237946 655269
694649 330326 85525 362194 837713
982087 94383 161797 285362 153822
204918 845142 722021 676584 535045
787294 414458 863347 481911 222759
173413 663439 249451 803812 8323
998528 723962 806320 76889 216982
611047 331269 446020 758803 249072
279707 78869 538943 587042 978760
380856 723499 158940 333091 797777
269482 625546 158903 332597 775732
571897 743263 624731 757476 6657
768304 174724 634222 563578 882559
703326 658593 117272 901745 460995
284596 799872 212331 417601 315103
850403 794159 140280 616998 589558
851997 391030 756728 352814 339070
784201 15131 779107 440854 49096
302074 692325 55190 181558 874422
631945 817544 338030 342374 239089
892108 890279 720692 247038 89246
737257 210877 248658 44091 193300
494609 508914 595998 219755 934757
594601 974393 99314 219208 913787
95328 447801 612815 416907 958579
639115 454033 845687 458306 725391
829187 925806 447908 177087 808308
93990 316980 802134 269993 951586
469493 894906 115640 610458 100679
907987 223621 355881 823566 13490
70467 772363 599165 837351 175450
895283 786503 67037 340374 638468
405644 458902 698382 333493 529910
336155 399004 967038 621321 850889
773533 162128 595018 123598 200023
36742 43747 574165 68823 287064
703364 548039 149510 977181 863008
395344 742033 688592 86298 159492
335266 601913 762456 913710 576644
889926 601656 277673 747787 268212
710557 26328 254930 585416 691591
189470 613585 106392 154216 802305
921375 101088 167977 546096 177154
914350 5360 202139 810983 2387
483029 252581 575167 437562 712978
876868 874983 17769 69275 731410
287420 92569 204806 123378 398798
731988 296395 888897 321723 185495
378381 292270 685393 371158 847975
938740 904145 510448 604735 911540
231848 41370 612715 105251 595585
960630 303170 393552 85598 775304
658283 30773 846727 151231 312676
210438 231318 684972 661035 928098
222255 36659 413295 374388 299426
560871 522624 444929 352715 181339
754506 869267 527514 586943 261114
585959 219537 896304 384989 718508
453370 599888 24110 460058 202099
773910 33007 161399 638948 849460
386619 789838 339164 275490 312039
721645 859304 767977 962832 149496
779749 582837 698739 197462 563098
946347 189807 43323 10288 801837
169316 927953 22244 79955 299639
165119 962000 213155 437455 357569
956198 684335 987037 42980 266022
860240 493491 444738 208232 589535
433447 959453 436296 14981 752209
956465 821299 235621 19836 619535
140630 188690 350279 747695 167235
163265 394969 442249 43670 324600
367149 485241 548727 786807 454142
169178 933316 59378 897884 458712
142400 515699 447681 975351 974679
702177 838388 606117 468922 478641
876645 321758 159947 696467 912221
967728 982816 430668 234168 701469
705337 67422 432193 429180 132009
107384 454637 721431 291934 600328
472871 565933 120840 148403 180889
666965 873954 97433 756144 692357
696372 521475 129562 888285 251821
725890 26559 110035 193936 917137
